1740950076113 0.17981617152690887 0
1740950076399 0.11137977987527847 1
1740950076673 0.04937928915023804 2
1740950076945 0.028494413942098618 3
1740950077228 0.025783199816942215 4
1740950077505 0.0242618415504694 5
1740950077781 0.024014899507164955 6
1740950078077 0.023041967302560806 7
1740950078353 0.02286452054977417 8
1740950078617 0.022456005215644836 9
1740950078894 0.022142309695482254 10
1740950079205 0.021753661334514618 11
1740950079523 0.021616941317915916 12
1740950079838 0.0213600043207407 13
1740950080115 0.021195488050580025 14
1740950080391 0.020975468680262566 15
1740950080679 0.020844291895627975 16
1740950081033 0.020813968032598495 17
1740950081371 0.02054707147181034 18
1740950081672 0.020329674705863 19
1740950081957 0.019987210631370544 20
1740950082238 0.019969044253230095 21
1740950082510 0.019639262929558754 22
1740950082762 0.01965334825217724 23
1740950083052 0.019273508340120316 24
1740950083315 0.019184116274118423 25
1740950083599 0.018842605873942375 26
1740950083861 0.018662143498659134 27
1740950084140 0.018484942615032196 28
1740950084427 0.018411695957183838 29
1740950084686 0.018376819789409637 30
1740950084982 0.017950015142560005 31
1740950085263 0.017812049016356468 32
1740950085554 0.01775876246392727 33
1740950085864 0.017707044258713722 34
1740950086137 0.017337845638394356 35
1740950086409 0.017241595312952995 36
1740950086698 0.017194801941514015 37
1740950086972 0.017111873254179955 38
1740950087240 0.016764583066105843 39
1740950087501 0.016791293397545815 40
1740950087777 0.016741346567869186 41
1740950088082 0.016645114868879318 42
1740950088347 0.01637379452586174 43
1740950088641 0.016537973657250404 44
1740950088913 0.01638813503086567 45
1740950089201 0.016538111492991447 46
1740950089464 0.016517043113708496 47
1740950089773 0.01617063581943512 48
1740950090041 0.016133174300193787 49
1740950090314 0.016029605641961098 50
1740950090585 0.016022734344005585 51
1740950090855 0.015802517533302307 52
1740950091150 0.015875104814767838 53
1740950091466 0.016080467030405998 54
1740950091797 0.01580783911049366 55
1740950092067 0.016037991270422935 56
1740950092331 0.015849553048610687 57
1740950092599 0.016086895018815994 58
1740950092904 0.015817422419786453 59
1740950093167 0.01596056856215 60
1740950093434 0.015937495976686478 61
1740950093709 0.01586374267935753 62
1740950094004 0.015843242406845093 63
1740950094283 0.01581023819744587 64
1740950094565 0.016088034957647324 65
1740950094828 0.015865162014961243 66
1740950095088 0.01577065885066986 67
1740950095349 0.015862738713622093 68
1740950095611 0.015607276000082493 69
1740950095872 0.01584523357450962 70
1740950096143 0.015732401981949806 71
1740950096423 0.015784425660967827 72
1740950096699 0.01563297212123871 73
1740950096985 0.015848679468035698 74
1740950097269 0.015555618330836296 75
1740950097526 0.01564439944922924 76
1740950097788 0.015800613909959793 77
1740950098064 0.015587598085403442 78
1740950098319 0.01596379280090332 79
1740950098577 0.015832707285881042 80
1740950098835 0.015691203996539116 81
1740950099098 0.015807852149009705 82
1740950099356 0.015865210443735123 83
1740950099617 0.015748748555779457 84
1740950099908 0.015868280082941055 85
1740950100174 0.015420275740325451 86
1740950100435 0.015603028237819672 87
1740950100704 0.015564422123134136 88
1740950100972 0.01579970493912697 89
1740950101237 0.015859780833125114 90
1740950101496 0.0154699282720685 91
1740950101771 0.0156638715416193 92
1740950102037 0.015512210316956043 93
1740950102303 0.015590963885188103 94
1740950102566 0.01564015820622444 95
1740950102853 0.01577799767255783 96
1740950103170 0.015579930506646633 97
1740950103505 0.015433818101882935 98
1740950103772 0.015414812602102757 99
1740950104031 0.015436452813446522 100
1740950104290 0.015491950325667858 101
1740950104559 0.01572360470890999 102
1740950104829 0.015943128615617752 103
1740950105102 0.015815874561667442 104
1740950105367 0.015469626523554325 105
1740950105633 0.01530896034091711 106
1740950105897 0.015414402820169926 107
1740950106159 0.015651410445570946 108
1740950106423 0.01534168142825365 109
1740950106686 0.015381827019155025 110
1740950106976 0.015322985127568245 111
1740950107240 0.015273954719305038 112
1740950107528 0.015508991666138172 113
1740950107828 0.015502759255468845 114
1740950108107 0.015387128107249737 115
1740950108374 0.01534287165850401 116
1740950108651 0.015229067765176296 117
1740950108919 0.015380017459392548 118
1740950109180 0.01549568958580494 119
1740950109443 0.01557704247534275 120
1740950109711 0.015362828969955444 121
1740950109978 0.015363075770437717 122
1740950110254 0.01550358161330223 123
1740950110515 0.015235066413879395 124
1740950110780 0.01535393949598074 125
1740950111050 0.015189598314464092 126
1740950111313 0.015254815109074116 127
1740950111577 0.015303051099181175 128
1740950112068 0.01533440314233303 129
1740950112389 0.015453660860657692 130
1740950112888 0.01517863105982542 131
1740950113464 0.01547615509480238 132
1740950114207 0.015401480719447136 133
1740950114528 0.01528295036405325 134
1740950114795 0.015580562874674797 135
1740950115064 0.01544877514243126 136
1740950115330 0.015220624394714832 137
1740950115608 0.015180431306362152 138
1740950115875 0.015227742493152618 139
1740950116138 0.015060307458043098 140
1740950116402 0.015221957117319107 141
1740950117136 0.015333451330661774 142
1740950117461 0.015225389041006565 143
1740950117753 0.01515287347137928 144
1740950118042 0.015402100048959255 145
1740950118330 0.015291936695575714 146
1740950118605 0.01525125652551651 147
1740950118881 0.015232634730637074 148
1740950119216 0.015236695297062397 149
1740950119493 0.015148184262216091 150
1740950119737 0.015244366601109505 151
1740950119982 0.015223194845020771 152
1740950120224 0.015063184313476086 153
1740950120492 0.015141811221837997 154
1740950120774 0.015146511606872082 155
1740950121045 0.014967022463679314 156
1740950121301 0.015316255390644073 157
1740950121581 0.015049912966787815 158
1740950121830 0.015128872357308865 159
1740950122077 0.015236886218190193 160
1740950122336 0.014970723539590836 161
1740950122619 0.01503495592623949 162
1740950122889 0.014968639239668846 163
1740950123185 0.015136545524001122 164
1740950123453 0.015106741338968277 165
1740950123711 0.014976181089878082 166
1740950124029 0.01499522477388382 167
1740950124298 0.015041938982903957 168
1740950124561 0.015253638848662376 169
1740950124814 0.01509727444499731 170
1740950125058 0.014957601204514503 171
1740950125301 0.01503531914204359 172
1740950125552 0.014889794401824474 173
1740950125799 0.015099543146789074 174
1740950126066 0.015008630231022835 175
1740950126320 0.014911558479070663 176
1740950126580 0.015096418559551239 177
1740950126836 0.014997434802353382 178
1740950127099 0.014988205395638943 179
1740950127368 0.015002532862126827 180
1740950127629 0.01509892102330923 181
1740950127966 0.01500417198985815 182
1740950128289 0.014938159845769405 183
1740950128589 0.015135025605559349 184
1740950128861 0.014967851340770721 185
1740950129145 0.01481152605265379 186
1740950129430 0.015069053508341312 187
1740950129696 0.014765939675271511 188
1740950129969 0.014944146387279034 189
1740950130243 0.014838064089417458 190
1740950130492 0.015078119933605194 191
1740950130738 0.014840197749435902 192
1740950131004 0.014706057496368885 193
1740950131252 0.015057549811899662 194
1740950131527 0.014768670313060284 195
1740950131780 0.014794135466217995 196
1740950132052 0.014956214465200901 197
1740950132339 0.015148264355957508 198
1740950132583 0.01472901739180088 199
1740950132836 0.014891987666487694 200
1740950133128 0.014700510539114475 201
1740950133423 0.014865501783788204 202
1740950133683 0.014737767167389393 203
1740950133928 0.014825382269918919 204
1740950134189 0.015471146441996098 205
1740950134439 0.014939478598535061 206
1740950134698 0.014725555665791035 207
1740950134949 0.014795937575399876 208
1740950135207 0.014650982804596424 209
1740950135477 0.014819256030023098 210
1740950135724 0.014797627925872803 211
1740950135979 0.014674397185444832 212
1740950136285 0.01468447595834732 213
1740950136573 0.014845379628241062 214
1740950136835 0.014864422380924225 215
1740950137127 0.014710880815982819 216
1740950137383 0.014638403430581093 217
1740950137629 0.014633179642260075 218
1740950137876 0.015004259534180164 219
1740950138125 0.01512301154434681 220
1740950138389 0.014766267500817776 221
1740950138669 0.014754321426153183 222
1740950138923 0.01472072396427393 223
1740950139171 0.014878490008413792 224
1740950139425 0.014757957309484482 225
1740950139672 0.015061143785715103 226
1740950139956 0.014656896702945232 227
1740950140206 0.014828098006546497 228
1740950140459 0.0150409284979105 229
1740950140704 0.015011455863714218 230
1740950140996 0.01468567829579115 231
1740950141269 0.014536365866661072 232
1740950141525 0.01467185653746128 233
1740950141781 0.014712540432810783 234
1740950142067 0.014850644394755363 235
1740950142314 0.014596570283174515 236
1740950142558 0.014758746139705181 237
1740950142819 0.014671585522592068 238
1740950143061 0.014642409980297089 239
1740950143318 0.014715578407049179 240
1740950143578 0.014740538783371449 241
1740950143831 0.01447314489632845 242
1740950144090 0.014756309799849987 243
1740950144344 0.01470821350812912 244
1740950144613 0.01454499363899231 245
1740950144874 0.014579150825738907 246
1740950145171 0.014508606866002083 247
1740950145425 0.01452100183814764 248
1740950145687 0.014357247389853 249
1740950145939 0.014391817152500153 250
1740950146206 0.014559420756995678 251
1740950146475 0.0145817119628191 252
1740950146774 0.014551933854818344 253
1740950147098 0.014442562125623226 254
1740950147347 0.014542672783136368 255
1740950147616 0.014553173445165157 256
1740950147877 0.014563510194420815 257
1740950148149 0.014490331523120403 258
1740950148412 0.014368873089551926 259
1740950148674 0.014601698145270348 260
1740950148922 0.014584898948669434 261
1740950149181 0.014532366767525673 262
1740950149457 0.014377208426594734 263
1740950149731 0.01463358011096716 264
1740950149984 0.014708620496094227 265
1740950150234 0.01433861069381237 266
1740950150482 0.014375665225088596 267
1740950150748 0.01433764211833477 268
1740950151028 0.01446465402841568 269
1740950151291 0.014574659056961536 270
1740950151577 0.014294597320258617 271
1740950151850 0.014488776214420795 272
1740950152103 0.014367748983204365 273
1740950152386 0.01451363880187273 274
1740950152701 0.014264656230807304 275
1740950152962 0.014423083513975143 276
1740950153208 0.014267215505242348 277
1740950153454 0.014287427067756653 278
1740950153711 0.014468698762357235 279
1740950153957 0.014268333092331886 280
1740950154216 0.014113480225205421 281
1740950154508 0.01432093046605587 282
1740950154763 0.014240751974284649 283
1740950155044 0.014245259575545788 284
1740950155288 0.014346841722726822 285
1740950155537 0.01421051099896431 286
1740950155792 0.014206663705408573 287
1740950156069 0.014154116623103619 288
1740950156319 0.014364920556545258 289
1740950156588 0.014233129099011421 290
1740950156851 0.014246053993701935 291
1740950157101 0.014339733868837357 292
1740950157349 0.014185152016580105 293
1740950157623 0.014477739110589027 294
1740950157879 0.01424481812864542 295
1740950158163 0.014238769188523293 296
1740950158415 0.01421677228063345 297
1740950158674 0.01414500456303358 298
1740950158929 0.014220409095287323 299
1740950159191 0.014179033227264881 300
1740950159439 0.014146316796541214 301
1740950159689 0.01421674806624651 302
1740950159974 0.01440857257694006 303
1740950160269 0.014028736390173435 304
1740950160540 0.01430440228432417 305
1740950160791 0.014319275505840778 306
1740950161069 0.014503683894872665 307
1740950161348 0.014260546304285526 308
1740950161614 0.014039827510714531 309
1740950161867 0.01420411467552185 310
1740950162130 0.014216931536793709 311
1740950162387 0.013919495046138763 312
1740950162661 0.014083047397434711 313
1740950162946 0.014165019616484642 314
1740950163213 0.014064952731132507 315
1740950163494 0.014048001728951931 316
1740950163746 0.014022383838891983 317
1740950164017 0.014074929058551788 318
1740950164278 0.014275576919317245 319
1740950164535 0.014064391143620014 320
1740950164796 0.01418464258313179 321
1740950165047 0.0141590042039752 322
1740950165322 0.013885955326259136 323
1740950165567 0.013926660642027855 324
1740950165827 0.014170205220580101 325
1740950166088 0.014092515222728252 326
1740950166336 0.01431896910071373 327
1740950166615 0.013973747380077839 328
1740950166872 0.01402368489652872 329
1740950167130 0.013902358710765839 330
1740950167380 0.014189147390425205 331
1740950167661 0.013909994624555111 332
1740950167929 0.01399498526006937 333
1740950168178 0.013791335746645927 334
1740950168421 0.013933922164142132 335
1740950168686 0.013954006135463715 336
1740950168953 0.014084928669035435 337
1740950169217 0.014068806543946266 338
1740950169479 0.013860098086297512 339
1740950169744 0.014014385640621185 340
1740950169987 0.013802465982735157 341
1740950170276 0.014022489078342915 342
1740950170545 0.013902542181313038 343
1740950170799 0.013894868083298206 344
1740950171054 0.013948705978691578 345
1740950171336 0.013737567700445652 346
1740950171585 0.014154371805489063 347
1740950171833 0.014123931527137756 348
1740950172082 0.013817046768963337 349
1740950172324 0.01404909510165453 350
1740950172584 0.013859561644494534 351
1740950172885 0.013817192055284977 352
1740950173157 0.013978018425405025 353
1740950173406 0.014027566649019718 354
1740950173690 0.01366730872541666 355
1740950173951 0.013775014318525791 356
1740950174205 0.013850366696715355 357
1740950174453 0.013685940764844418 358
1740950174748 0.013897959142923355 359
1740950174990 0.01374236773699522 360
1740950175239 0.013883284293115139 361
1740950175492 0.01372500229626894 362
1740950175743 0.01407673954963684 363
1740950176008 0.01386185735464096 364
1740950176266 0.013928400352597237 365
1740950176544 0.013706325553357601 366
1740950176816 0.01386955101042986 367
1740950177099 0.013764246366918087 368
1740950177397 0.013698291033506393 369
1740950177696 0.013699404895305634 370
1740950177948 0.013678524643182755 371
1740950178194 0.01391773670911789 372
1740950178476 0.013841964304447174 373
1740950178731 0.013648978434503078 374
1740950178983 0.014001719653606415 375
1740950179255 0.013798786327242851 376
1740950179525 0.01368982158601284 377
1740950179857 0.013479398563504219 378
1740950180138 0.013584299944341183 379
1740950180411 0.013785410672426224 380
1740950180657 0.013783056288957596 381
1740950180919 0.013779137283563614 382
1740950181256 0.013749917037785053 383
1740950181538 0.013609356246888638 384
1740950181815 0.01363678090274334 385
1740950182097 0.013557134196162224 386
1740950182359 0.013545836322009563 387
1740950182627 0.013554521836340427 388
1740950182898 0.013587430119514465 389
1740950183179 0.013429091311991215 390
1740950183440 0.01355066429823637 391
1740950183692 0.013501342386007309 392
1740950183953 0.013814597390592098 393
1740950184225 0.013620484620332718 394
1740950184495 0.013395979069173336 395
1740950184772 0.01370744127780199 396
1740950185030 0.0134662427008152 397
1740950185279 0.013515924103558064 398
1740950185547 0.013477630913257599 399
1740950185806 0.013697330839931965 400
1740950186053 0.013770682737231255 401
1740950186301 0.014016976580023766 402
1740950186559 0.013753498904407024 403
1740950186822 0.0137229198589921 404
1740950187082 0.013578372076153755 405
1740950187359 0.013416014611721039 406
1740950187665 0.013537350110709667 407
1740950187935 0.01349572278559208 408
1740950188245 0.013470454141497612 409
1740950188529 0.013380547054111958 410
1740950188808 0.013539917767047882 411
1740950189063 0.013535918667912483 412
1740950189315 0.013538097962737083 413
1740950189612 0.0134737528860569 414
1740950189893 0.013622645288705826 415
1740950190162 0.01366677787154913 416
1740950190421 0.013600321486592293 417
1740950190677 0.013348609209060669 418
1740950190948 0.013499741442501545 419
1740950191203 0.013564159162342548 420
1740950191460 0.01330107357352972 421
1740950191708 0.013407433405518532 422
1740950191978 0.01367294043302536 423
1740950192242 0.013504305854439735 424
1740950192489 0.01342149917036295 425
1740950192747 0.013531453907489777 426
1740950193004 0.013449503108859062 427
1740950193280 0.013499490916728973 428
1740950193552 0.013582846149802208 429
1740950193858 0.013310781680047512 430
1740950194136 0.013478660024702549 431
1740950194404 0.013769030570983887 432
1740950194652 0.013406908139586449 433
1740950194913 0.013384509831666946 434
1740950195179 0.013344218954443932 435
1740950195474 0.013288132846355438 436
1740950195734 0.013490207493305206 437
1740950196021 0.013386646285653114 438
1740950196286 0.013318677432835102 439
1740950196563 0.013454139232635498 440
1740950196812 0.013367392122745514 441
1740950197137 0.01335409376770258 442
1740950197437 0.013563377782702446 443
1740950197706 0.01332002691924572 444
1740950197979 0.013264626264572144 445
1740950198290 0.013314434327185154 446
1740950198600 0.013214588165283203 447
1740950198857 0.013649207539856434 448
1740950199101 0.013345189392566681 449
1740950199356 0.013313673436641693 450
1740950199620 0.013256070204079151 451
1740950199872 0.01348855346441269 452
1740950200130 0.0134815638884902 453
1740950200381 0.013266213238239288 454
1740950200647 0.013341987505555153 455
1740950200902 0.013166285119950771 456
1740950201154 0.01344631239771843 457
1740950201403 0.013296789489686489 458
1740950201671 0.01336568035185337 459
1740950201927 0.013349353335797787 460
1740950202181 0.013281024992465973 461
1740950202443 0.013524959795176983 462
1740950202708 0.01330376323312521 463
1740950203007 0.013172127306461334 464
1740950203288 0.013331604190170765 465
1740950203546 0.013270062394440174 466
1740950203793 0.013374248519539833 467
1740950204040 0.013252259232103825 468
1740950204300 0.01322280615568161 469
1740950204548 0.013197078369557858 470
1740950204801 0.01322128251194954 471
1740950205049 0.013149596750736237 472
1740950205294 0.013260181993246078 473
1740950205559 0.013542833738029003 474
1740950205809 0.013322578743100166 475
1740950206078 0.013390532694756985 476
1740950206329 0.013263591565191746 477
1740950206589 0.013434435240924358 478
1740950206835 0.013364610262215137 479
1740950207087 0.013329020701348782 480
1740950207346 0.013359577395021915 481
1740950207597 0.013150790706276894 482
1740950207843 0.013471370562911034 483
1740950208094 0.013124777935445309 484
1740950208356 0.013260096311569214 485
1740950208603 0.013313218019902706 486
1740950208849 0.013194791041314602 487
1740950209103 0.013255156576633453 488
1740950209363 0.013234260492026806 489
1740950209608 0.013353082351386547 490
1740950209854 0.013402404263615608 491
1740950210110 0.013140745460987091 492
1740950210378 0.013247118331491947 493
1740950210623 0.01319671981036663 494
1740950210867 0.013271363452076912 495
1740950211131 0.01318842452019453 496
1740950211375 0.013113737106323242 497
1740950211622 0.01325503271073103 498
1740950211867 0.01331397145986557 499
