1740955484695 0.15145492553710938 0
1740955485720 0.0886877179145813 1
1740955486698 0.0612478032708168 2
1740955487658 0.047469425946474075 3
1740955488669 0.04033641144633293 4
1740955489662 0.035819731652736664 5
1740955490689 0.03356650471687317 6
1740955491657 0.03152613714337349 7
1740955492693 0.030058937147259712 8
1740955493684 0.028493475168943405 9
1740955494646 0.027694247663021088 10
1740955495628 0.027161752805113792 11
1740955496583 0.026234783232212067 12
1740955497543 0.025271890684962273 13
1740955498518 0.024719415232539177 14
1740955499506 0.024227023124694824 15
1740955500524 0.023631783202290535 16
1740955501499 0.023355482146143913 17
1740955502429 0.02333308756351471 18
1740955503385 0.022627824917435646 19
1740955504447 0.02268463745713234 20
1740955505413 0.02194535732269287 21
1740955506400 0.022240713238716125 22
1740955507357 0.021771058440208435 23
1740955508307 0.021528679877519608 24
1740955509278 0.021459991112351418 25
1740955510259 0.02137267217040062 26
1740955511228 0.021197613328695297 27
1740955512197 0.02087293565273285 28
1740955513151 0.021015865728259087 29
1740955514107 0.021304979920387268 30
1740955515080 0.021164124831557274 31
1740955516088 0.020394781604409218 32
1740955517044 0.020338937640190125 33
1740955518010 0.020277846604585648 34
1740955518961 0.019973957911133766 35
1740955519917 0.02028081752359867 36
1740955520952 0.020200923085212708 37
1740955521912 0.02005893737077713 38
1740955522866 0.019659066572785378 39
1740955523838 0.01970008946955204 40
1740955524794 0.019474487751722336 41
1740955525766 0.019557831808924675 42
1740955526790 0.019464468583464622 43
1740955527767 0.019275901839137077 44
1740955528742 0.01919025368988514 45
1740955529697 0.019398320466279984 46
1740955530655 0.019099021330475807 47
1740955531706 0.01894361712038517 48
1740955532666 0.01881314441561699 49
1740955533641 0.018871622160077095 50
1740955534616 0.018765922635793686 51
1740955535566 0.018964946269989014 52
1740955536533 0.018884463235735893 53
1740955537569 0.018905945122241974 54
1740955538542 0.018865585327148438 55
1740955539540 0.01864412985742092 56
1740955540510 0.01851564273238182 57
1740955541467 0.01837352104485035 58
1740955542547 0.018376672640442848 59
1740955543503 0.01839466392993927 60
1740955544475 0.01823478564620018 61
1740955545434 0.01847335696220398 62
1740955546383 0.018156779929995537 63
1740955547390 0.018243925645947456 64
1740955548378 0.018512781709432602 65
1740955549352 0.018198162317276 66
1740955550305 0.018014561384916306 67
1740955551256 0.017897263169288635 68
1740955552210 0.01810774952173233 69
1740955553279 0.01802046410739422 70
1740955554238 0.0180938933044672 71
1740955555260 0.01823917031288147 72
1740955556331 0.01785932667553425 73
1740955557418 0.01784331165254116 74
1740955558450 0.017862392589449883 75
1740955559446 0.01776530221104622 76
1740955560439 0.017880862578749657 77
1740955561389 0.017554519698023796 78
1740955562354 0.01746252365410328 79
1740955563336 0.017701052129268646 80
1740955564301 0.01790984347462654 81
1740955565328 0.017561854794621468 82
1740955566280 0.017812605947256088 83
1740955567243 0.017659805715084076 84
1740955568223 0.01774992235004902 85
1740955569186 0.017994152382016182 86
1740955570229 0.01859775371849537 87
1740955571198 0.01800932176411152 88
1740955572151 0.017725493758916855 89
1740955573153 0.017761513590812683 90
1740955574114 0.01742374338209629 91
1740955575152 0.01729224994778633 92
1740955576109 0.017601793631911278 93
1740955577070 0.017390083521604538 94
1740955578048 0.01744416542351246 95
1740955579015 0.017182400450110435 96
1740955579993 0.017766384407877922 97
1740955580984 0.017216311767697334 98
1740955581963 0.017624374479055405 99
1740955582951 0.01712813973426819 100
1740955583903 0.01711079478263855 101
1740955584879 0.017149612307548523 102
1740955585896 0.017163235694169998 103
1740955587023 0.016828026622533798 104
1740955588084 0.017230691388249397 105
1740955589051 0.016982004046440125 106
1740955590005 0.017176339402794838 107
1740955590954 0.017275093123316765 108
1740955591924 0.016772419214248657 109
1740955592910 0.01709490828216076 110
1740955593891 0.016920018941164017 111
1740955594854 0.01685097999870777 112
1740955595840 0.016897454857826233 113
1740955596810 0.01668635383248329 114
1740955597765 0.016764787957072258 115
1740955598741 0.016888407990336418 116
1740955599745 0.017086701467633247 117
1740955600693 0.01679450273513794 118
1740955601666 0.016886886209249496 119
1740955602620 0.016763847321271896 120
1740955603613 0.01661246456205845 121
1740955604624 0.01651044748723507 122
1740955605595 0.01675577089190483 123
1740955606552 0.016946008428931236 124
1740955607492 0.017006147652864456 125
1740955608466 0.016736488789319992 126
1740955609438 0.0167324747890234 127
1740955610437 0.016675960272550583 128
1740955611676 0.016650520265102386 129
1740955612836 0.01673806831240654 130
1740955614070 0.016684893518686295 131
1740955615089 0.016654856503009796 132
1740955616172 0.016484426334500313 133
1740955617253 0.016696590930223465 134
1740955618262 0.01683640666306019 135
1740955619390 0.01698840968310833 136
1740955620531 0.017138903960585594 137
1740955621706 0.016829464584589005 138
1740955622830 0.016667921096086502 139
1740955623791 0.01646500639617443 140
1740955624763 0.016858521848917007 141
1740955625749 0.01715979166328907 142
1740955626751 0.016945278272032738 143
1740955627962 0.016678769141435623 144
1740955629018 0.016271429136395454 145
1740955630042 0.016515687108039856 146
1740955631076 0.016444997861981392 147
1740955632132 0.016526948660612106 148
1740955633261 0.01631331816315651 149
1740955634225 0.016711562871932983 150
1740955635290 0.016577020287513733 151
1740955636269 0.016271082684397697 152
1740955637246 0.01654933951795101 153
1740955638250 0.016382619738578796 154
1740955639252 0.016317658126354218 155
1740955640203 0.01625584438443184 156
1740955641174 0.01645558513700962 157
1740955642130 0.016506850719451904 158
1740955643124 0.016359703615307808 159
1740955644155 0.016234464943408966 160
1740955645136 0.016318270936608315 161
1740955646093 0.01629018783569336 162
1740955647084 0.016336290165781975 163
1740955648053 0.01638328842818737 164
1740955649093 0.016292322427034378 165
1740955650052 0.016270173713564873 166
1740955651015 0.016546526923775673 167
1740955651981 0.016956374049186707 168
1740955652942 0.01668468862771988 169
1740955653958 0.017041660845279694 170
1740955654980 0.016848601400852203 171
1740955655974 0.016214346513152122 172
1740955656933 0.01616598665714264 173
1740955657891 0.01631445437669754 174
1740955658846 0.016414448618888855 175
1740955659855 0.016172518953680992 176
1740955660863 0.016047386452555656 177
1740955661854 0.016049178317189217 178
1740955662801 0.016209952533245087 179
1740955663752 0.01603979803621769 180
1740955664701 0.016162194311618805 181
1740955665694 0.01614801399409771 182
1740955666675 0.016194475814700127 183
1740955667645 0.016149187460541725 184
1740955668597 0.016180148348212242 185
1740955669578 0.015872789546847343 186
1740955670769 0.016289765015244484 187
1740955671813 0.01619628444314003 188
1740955672925 0.015916239470243454 189
1740955673950 0.015968885272741318 190
1740955675115 0.016006993129849434 191
1740955676087 0.016074223443865776 192
1740955677103 0.016206607222557068 193
1740955678179 0.01604972779750824 194
1740955679213 0.016065649688243866 195
1740955680209 0.016109323129057884 196
1740955681223 0.01586879789829254 197
1740955682267 0.015688428655266762 198
1740955683402 0.015860598534345627 199
1740955684404 0.01596982032060623 200
1740955685380 0.01578175276517868 201
1740955686402 0.016057536005973816 202
1740955687557 0.016059385612607002 203
1740955688719 0.01594913750886917 204
1740955689704 0.015929002314805984 205
1740955690682 0.015643779188394547 206
1740955691663 0.015805687755346298 207
1740955692614 0.01566248945891857 208
1740955693673 0.01572270877659321 209
1740955694620 0.01567213051021099 210
1740955695586 0.016332978382706642 211
1740955696540 0.01637239381670952 212
1740955697501 0.01608681119978428 213
1740955698477 0.0156716275960207 214
1740955699542 0.01558362040668726 215
1740955700504 0.015988852828741074 216
1740955701473 0.016024677082896233 217
1740955702428 0.015881044790148735 218
1740955703397 0.015917185693979263 219
1740955704463 0.01567845419049263 220
1740955705433 0.01562592200934887 221
1740955706405 0.015607677400112152 222
1740955707349 0.015643395483493805 223
1740955708415 0.015790803357958794 224
1740955709479 0.015590881928801537 225
1740955710472 0.01589030958712101 226
1740955711432 0.015602171421051025 227
1740955712420 0.01566256955265999 228
1740955713399 0.01570906862616539 229
1740955714353 0.015867270529270172 230
1740955715349 0.015801014378666878 231
1740955716399 0.016091901808977127 232
1740955717420 0.015753472223877907 233
1740955718397 0.015886496752500534 234
1740955719517 0.015527592040598392 235
1740955720514 0.016035927459597588 236
1740955721552 0.015685584396123886 237
1740955722525 0.015676546841859818 238
1740955723546 0.01575075089931488 239
1740955724552 0.015854885801672935 240
1740955725493 0.0156878475099802 241
1740955726467 0.015601880848407745 242
1740955727520 0.015839841216802597 243
1740955728527 0.015580590814352036 244
1740955729550 0.01573522388935089 245
1740955730539 0.01562732458114624 246
1740955731540 0.015891920775175095 247
1740955732555 0.01594417728483677 248
1740955733537 0.01554369181394577 249
1740955734575 0.01545121893286705 250
1740955735628 0.01553190778940916 251
1740955736653 0.015969615429639816 252
1740955737615 0.015514723025262356 253
1740955738557 0.015505832619965076 254
1740955739530 0.015670545399188995 255
1740955740548 0.015277683734893799 256
1740955741860 0.01582997478544712 257
1740955742883 0.01537233218550682 258
1740955743992 0.015693645924329758 259
1740955745087 0.015417895279824734 260
1740955746154 0.015393837355077267 261
1740955747279 0.015292918309569359 262
1740955748269 0.015529348514974117 263
1740955749262 0.015473767183721066 264
1740955750253 0.015565375797450542 265
1740955751225 0.015655426308512688 266
1740955752262 0.01519855298101902 267
1740955753232 0.015582305379211903 268
1740955754235 0.015635889023542404 269
1740955755215 0.015377575531601906 270
1740955756217 0.015420250594615936 271
1740955757208 0.01548737846314907 272
1740955758305 0.015085699036717415 273
1740955759305 0.015457605943083763 274
1740955760304 0.01538147497922182 275
1740955761319 0.015690751373767853 276
1740955762342 0.015132462605834007 277
1740955763416 0.015314715914428234 278
1740955764436 0.015102549456059933 279
1740955765426 0.015306448563933372 280
1740955766462 0.015348255634307861 281
1740955767660 0.015212956815958023 282
1740955768819 0.015145190991461277 283
1740955769816 0.015251152217388153 284
1740955770818 0.015397979877889156 285
1740955771803 0.015599550679326057 286
1740955772940 0.015514125116169453 287
1740955774039 0.015411804430186749 288
1740955775037 0.014932367950677872 289
1740955776132 0.015208142809569836 290
1740955777122 0.015327700413763523 291
1740955778139 0.015429699793457985 292
1740955779212 0.015233449637889862 293
1740955780219 0.015206225216388702 294
1740955781255 0.01536637358367443 295
1740955782304 0.015543359331786633 296
1740955783327 0.015195352025330067 297
1740955784346 0.015107594430446625 298
1740955785447 0.01541760005056858 299
1740955786478 0.015177357010543346 300
1740955787518 0.015123107470571995 301
1740955788619 0.015181201510131359 302
1740955789720 0.01508656982332468 303
1740955790788 0.016052652150392532 304
1740955791825 0.015469293110072613 305
1740955792951 0.015130432322621346 306
1740955793947 0.015609534457325935 307
1740955794997 0.01535022258758545 308
1740955796093 0.014904814772307873 309
1740955797074 0.015053738839924335 310
1740955798065 0.015149633400142193 311
1740955799040 0.015180760994553566 312
1740955800072 0.015224763192236423 313
1740955801100 0.015131717547774315 314
1740955802099 0.015335120260715485 315
1740955803085 0.015136681497097015 316
1740955804047 0.015100917778909206 317
1740955805030 0.015321938320994377 318
1740955806338 0.015241988003253937 319
1740955807342 0.01518067717552185 320
1740955808286 0.014935672283172607 321
1740955809300 0.0151187339797616 322
1740955810299 0.014952053315937519 323
1740955811301 0.015287106856703758 324
1740956712927 0.015111849643290043 325
1740956714211 0.015183131210505962 326
1740956715156 0.014982130378484726 327
1740956716119 0.014971389435231686 328
1740956717080 0.015229079872369766 329
1740956718080 0.015055648051202297 330
1740956719126 0.015143031254410744 331
1740956720066 0.015016382560133934 332
1740956721024 0.014870941638946533 333
1740956721984 0.015148860402405262 334
1740956722986 0.015368890948593616 335
1740956723973 0.015137884765863419 336
1740956724929 0.015500680543482304 337
1740956725865 0.015084473416209221 338
1740956726789 0.01508952584117651 339
1740956727879 0.0149984797462821 340
1740956728843 0.014969040639698505 341
1740956729860 0.014999175444245338 342
1740956730810 0.015024433843791485 343
1740956731776 0.01526978425681591 344
1740956732747 0.015252763405442238 345
1740956733689 0.015103153884410858 346
1740956734750 0.014864127151668072 347
1740956735726 0.014799815602600574 348
1740956736791 0.014965984970331192 349
1740956737749 0.014886843971908092 350
1740956738695 0.015229807235300541 351
1740956739652 0.015264276415109634 352
1740956740649 0.014881577342748642 353
1740956741619 0.015214892104268074 354
1740956742556 0.015302365645766258 355
1740956743529 0.015017183497548103 356
1740956744473 0.014931770041584969 357
1740956745621 0.014867274090647697 358
1740956746584 0.014681440778076649 359
1740956747544 0.015102379024028778 360
1740956748479 0.014854662120342255 361
1740956749436 0.015130138024687767 362
1740956750389 0.015078860335052013 363
1740956751396 0.01496665645390749 364
1740956752369 0.01502590999007225 365
1740956753333 0.014761658385396004 366
1740956754280 0.01493099145591259 367
1740956755246 0.014661740511655807 368
1740956756205 0.015147817321121693 369
1740956757170 0.014910727739334106 370
1740956758167 0.01493605226278305 371
1740956759133 0.014957664534449577 372
1740957795574 0.015024055726826191 373
1740957796606 0.015005490742623806 374
1740957797646 0.015087910927832127 375
1740957798621 0.015676431357860565 376
1740957799637 0.014775793068110943 377
1740958835874 0.014883223921060562 378
1740958836830 0.015074481256306171 379
1740958837905 0.014928174205124378 380
1740958838935 0.014738661237061024 381
1740958839910 0.015001066960394382 382
1740959887310 0.014771359972655773 383
1740959888345 0.014815032482147217 384
1740959889259 0.014788709580898285 385
1740959890235 0.014696135185658932 386
1740959891193 0.014800171367824078 387
1740959892139 0.014501497149467468 388
1740959893165 0.014658059924840927 389
1740959894108 0.014699552208185196 390
1740959895065 0.01463528722524643 391
1740959896020 0.01492066029459238 392
1740959897026 0.014787605963647366 393
1740959897969 0.014536443166434765 394
1740959898932 0.0146824661642313 395
1740959899885 0.014904339797794819 396
1740959900808 0.0149931525811553 397
1740959901750 0.014742886647582054 398
1740959902704 0.014723286963999271 399
1740959903726 0.014981853775680065 400
1740959904697 0.014660488814115524 401
1740959905645 0.014701755717396736 402
1740959906587 0.015054911375045776 403
1740959907520 0.014822402037680149 404
1740959908487 0.014487461186945438 405
1740959909554 0.014605149626731873 406
1740959910482 0.014898180961608887 407
1740959911443 0.014588597230613232 408
1740959912406 0.014835196547210217 409
1740959913356 0.01474580354988575 410
1740959914328 0.014849643222987652 411
1740959915338 0.014742311090230942 412
1740959916310 0.01462171133607626 413
1740959917259 0.014708408154547215 414
1740959918212 0.014681702479720116 415
1740959919170 0.014898856170475483 416
1740959920175 0.014804864302277565 417
1740959921153 0.014576427638530731 418
1740959922123 0.014721818268299103 419
1740959923103 0.014881237410008907 420
1740959924067 0.015013090334832668 421
1740959925092 0.01525817159563303 422
1740959926069 0.014796162024140358 423
1740959927018 0.01511316653341055 424
1740959927985 0.0149259427562356 425
1740959928952 0.014629995450377464 426
1740959929921 0.014580356888473034 427
1740959931092 0.014830414205789566 428
1740959932054 0.014803953468799591 429
1740959933040 0.015148457139730453 430
1740961007470 0.014425782486796379 431
1740961008393 0.01456810999661684 432
1740961009518 0.014727257192134857 433
1740961010522 0.014781693927943707 434
1740961011579 0.014333847910165787 435
1740962039664 0.014611843042075634 436
1740962040621 0.015076265670359135 437
1740962041592 0.014673592522740364 438
1740962042602 0.014658575877547264 439
1740962043542 0.014641577377915382 440
1740962952777 0.014779993332922459 441
1740962953752 0.014458567835390568 442
1740962954722 0.014816077426075935 443
1740962955673 0.014676637947559357 444
1740962956672 0.014548241160809994 445
1740963066821 0.01451376173645258 446
1740963067779 0.014577937312424183 447
1740963068826 0.014814969152212143 448
1740963069845 0.014665843918919563 449
1740963070838 0.014465819112956524 450
1740963071770 0.014798728749155998 451
1740963072697 0.014673527330160141 452
1740963073625 0.014512100256979465 453
1740963074588 0.014684027060866356 454
1740963075623 0.014804691076278687 455
1740963076602 0.01464957743883133 456
1740963077563 0.014457788318395615 457
1740963078529 0.014705227687954903 458
1740963079493 0.01445094496011734 459
1740963080456 0.014485660009086132 460
1740963081397 0.014647265896201134 461
1740963082411 0.014588124118745327 462
1740963083378 0.014855142682790756 463
1740963084345 0.014508332125842571 464
1740963085296 0.014474628493189812 465
1740963086254 0.014533406123518944 466
1740963087262 0.014372818171977997 467
1740963088241 0.014491611160337925 468
1740963089216 0.014791106805205345 469
1740963090162 0.014844626188278198 470
1740963091137 0.014368928037583828 471
1740963092112 0.01440525520592928 472
1740963093065 0.01432341430336237 473
1740963094070 0.014423000626266003 474
1740963095052 0.014262104406952858 475
1740963096024 0.014316912740468979 476
1740963096962 0.01421483512967825 477
1740963097926 0.014245303347706795 478
1740963098921 0.01435252744704485 479
1740963099913 0.01460148673504591 480
1740963100883 0.014379072934389114 481
1740963101835 0.014242477715015411 482
1740963102798 0.014545323327183723 483
1740963103763 0.01430506817996502 484
1740963104758 0.014406712725758553 485
1740963105756 0.014395339414477348 486
1740963106707 0.014246352948248386 487
1740963107668 0.014577816240489483 488
1740963108637 0.01434103399515152 489
1740963109609 0.014369186945259571 490
1740963110580 0.014212955720722675 491
1740963111593 0.014196418225765228 492
1740964013959 0.014257100410759449 493
1740964015020 0.014838816598057747 494
1740964016001 0.014483998529613018 495
1740964016992 0.014729210175573826 496
1740964017950 0.014313037507236004 497
1740964018984 0.014608004130423069 498
1740964019958 0.014203023165464401 499
