1740950222390 0.1837565302848816 0
1740950223382 0.1214500442147255 1
1740950224470 0.08501133322715759 2
1740950225505 0.0623713955283165 3
1740950226561 0.049260057508945465 4
1740950227613 0.04198944941163063 5
1740950228687 0.038210656493902206 6
1740950229740 0.034753527492284775 7
1740950230751 0.03168822452425957 8
1740950231805 0.030172351747751236 9
1740950232842 0.02801935374736786 10
1740950233846 0.02627713233232498 11
1740950234810 0.025098856538534164 12
1740950235840 0.024117369204759598 13
1740950236822 0.023318305611610413 14
1740950237780 0.02280491590499878 15
1740950238806 0.022643955424427986 16
1740950239791 0.022283313795924187 17
1740950240756 0.02185942232608795 18
1740950241732 0.021491246297955513 19
1740950242736 0.021264877170324326 20
1740950243713 0.021016843616962433 21
1740950244740 0.02091298997402191 22
1740950245726 0.020571278408169746 23
1740950246687 0.020413003861904144 24
1740950247657 0.020520662888884544 25
1740950248640 0.02047099359333515 26
1740950249678 0.0205429345369339 27
1740950250714 0.020274324342608452 28
1740950251686 0.020020341500639915 29
1740950252691 0.01986459642648697 30
1740950253652 0.019995063543319702 31
1740950254638 0.019745774567127228 32
1740950255773 0.019851883873343468 33
1740950256716 0.019761132076382637 34
1740950257718 0.01984228380024433 35
1740950258691 0.01960371434688568 36
1740950259666 0.019874606281518936 37
1740950260718 0.019891997799277306 38
1740950261698 0.019533414393663406 39
1740950262648 0.019649112597107887 40
1740950263596 0.019502609968185425 41
1740950264577 0.019522331655025482 42
1740950265611 0.019389711320400238 43
1740950266629 0.019426647573709488 44
1740950267585 0.01937921531498432 45
1740950268555 0.019354360178112984 46
1740950269528 0.019182778894901276 47
1740950270494 0.01939336024224758 48
1740950271466 0.01964612491428852 49
1740950272495 0.01930534839630127 50
1740950273458 0.01913127861917019 51
1740950274418 0.019037170335650444 52
1740950275394 0.019197430461645126 53
1740950276352 0.0190209299325943 54
1740950277399 0.01920192316174507 55
1740950278374 0.018982579931616783 56
1740950279333 0.018965113908052444 57
1740950280334 0.01899588108062744 58
1740950281341 0.018975159153342247 59
1740950282379 0.018987249583005905 60
1740950283478 0.018648527562618256 61
1740950284471 0.018852755427360535 62
1740950285663 0.0187750905752182 63
1740950286620 0.018868299201130867 64
1740950287642 0.01907862164080143 65
1740950288980 0.01868017390370369 66
1740950290053 0.01870928332209587 67
1740950291018 0.01884051412343979 68
1740950292007 0.01869574747979641 69
1740950293133 0.018699899315834045 70
1740950294104 0.018475254997611046 71
1740950295216 0.01835714280605316 72
1740950296225 0.018591202795505524 73
1740950297207 0.018576757982373238 74
1740950298168 0.018509462475776672 75
1740950299136 0.018490944057703018 76
1740950300097 0.018502458930015564 77
1740950301120 0.01832670532166958 78
1740950302065 0.018543843179941177 79
1740950303061 0.018576236441731453 80
1740950304155 0.018425896763801575 81
1740950305144 0.018383804708719254 82
1740950306138 0.01818438619375229 83
1740950307202 0.018520178273320198 84
1740950308290 0.018439697101712227 85
1740950309350 0.01832781732082367 86
1740950310306 0.018163621425628662 87
1740950311394 0.018283886834979057 88
1740950312476 0.018362585455179214 89
1740950313469 0.018364444375038147 90
1740950314432 0.018346188589930534 91
1740950315381 0.017962321639060974 92
1740950316340 0.018030812963843346 93
1740950317282 0.018342947587370872 94
1740950318231 0.017986752092838287 95
1740950319172 0.01785856857895851 96
1740950320109 0.017831699922680855 97
1740950321052 0.017783567309379578 98
1740950321978 0.01791958697140217 99
1740950322909 0.017717484384775162 100
1740950323858 0.017789972946047783 101
1740950324794 0.017834777012467384 102
1740950325752 0.017831962555646896 103
1740950326730 0.017711322754621506 104
1740950327698 0.017488012090325356 105
1740950328654 0.01750519685447216 106
1740950329600 0.017593108117580414 107
1740950330563 0.0177072174847126 108
1740950331516 0.017263876274228096 109
1740950332502 0.01767350547015667 110
1740950333467 0.01744363270699978 111
1740950334411 0.017401540651917458 112
1740950335373 0.017257090657949448 113
1740950336310 0.01725343056023121 114
1740950337272 0.017314717173576355 115
1740950338234 0.017138618975877762 116
1740950339232 0.017044108361005783 117
1740950340192 0.017024261876940727 118
1740950341140 0.017213430255651474 119
1740950342101 0.01696380227804184 120
1740950343043 0.01723904348909855 121
1740950343982 0.016896560788154602 122
1740950344997 0.016776368021965027 123
1740950345945 0.0167812779545784 124
1740950346903 0.016810152679681778 125
1740950347847 0.016543695703148842 126
1740950348810 0.017011092975735664 127
1740950349783 0.016674239188432693 128
1740950350793 0.017168773338198662 129
1740950351740 0.016718771308660507 130
1740950352672 0.01638457551598549 131
1740950353616 0.016467828303575516 132
1740950354557 0.016533395275473595 133
1740950355527 0.016712233424186707 134
1740950356544 0.016281668096780777 135
1740950357511 0.016457874327898026 136
1740950358458 0.016376227140426636 137
1740950359417 0.016007181257009506 138
1740950360369 0.016195571050047874 139
1740950361326 0.01600681245326996 140
1740950362358 0.016386808827519417 141
1740950363302 0.01671672612428665 142
1740950364264 0.01587742008268833 143
1740950365212 0.01612045057117939 144
1740950366173 0.015923267230391502 145
1740950367172 0.015816353261470795 146
1740950368144 0.01582317240536213 147
1740950369092 0.015720179304480553 148
1740950370039 0.015728140249848366 149
1740950371008 0.015797194093465805 150
1740950371965 0.01580832339823246 151
1740950372956 0.015599739737808704 152
1740950373899 0.01563090644776821 153
1740950374857 0.01558298896998167 154
1740950375800 0.015765530988574028 155
1740950376768 0.015728836879134178 156
1740950377726 0.015493792481720448 157
1740950378745 0.01550447940826416 158
1740950379695 0.015581155195832253 159
1740950380664 0.015443454496562481 160
1740950381602 0.015495016239583492 161
1740950382574 0.01550731435418129 162
1740950383609 0.015302707441151142 163
1740950384601 0.015363121405243874 164
1740950385541 0.015435946173965931 165
1740950386490 0.015638966113328934 166
1740950387462 0.015337470918893814 167
1740950388439 0.015263543464243412 168
1740950389446 0.015300123021006584 169
1740950390395 0.015366424806416035 170
1740950391355 0.015365851111710072 171
1740950392307 0.015343300066888332 172
1740950393276 0.015411347150802612 173
1740950394286 0.015144417993724346 174
1740950395255 0.014983934350311756 175
1740950396204 0.015469026751816273 176
1740950397162 0.015552808530628681 177
1740950398096 0.015095258131623268 178
1740950399102 0.015253519639372826 179
1740950400088 0.015463878400623798 180
1740950401054 0.015333670191466808 181
1740950402004 0.0153135284781456 182
1740950402950 0.015252344310283661 183
1740950403898 0.01528609823435545 184
1740950404856 0.015355267561972141 185
1740950405859 0.014972998760640621 186
1740950406835 0.015064962208271027 187
1740950407781 0.015219577588140965 188
1740950408739 0.015428767539560795 189
1740950409669 0.015203416347503662 190
1740950410614 0.015317115932703018 191
1740950411632 0.015114708803594112 192
1740950412587 0.015161591582000256 193
1740950413551 0.015187416225671768 194
1740950414494 0.015411506406962872 195
1740950415458 0.015010302886366844 196
1740950416439 0.014905668795108795 197
1740950417457 0.014999517239630222 198
1740950418409 0.015076742507517338 199
1740950419374 0.01499191764742136 200
1740950420313 0.015063450671732426 201
1740950421270 0.015270980075001717 202
1740950422221 0.015071404166519642 203
1740950423328 0.014960585162043571 204
1740950424314 0.015071260742843151 205
1740950425273 0.015290684998035431 206
1740950426262 0.015063575468957424 207
1740950427221 0.01502874493598938 208
1740950428228 0.014957412146031857 209
1740950429214 0.01504517626017332 210
1740950430161 0.01520036906003952 211
1740950431119 0.01522738952189684 212
1740950432064 0.015022581443190575 213
1740950433042 0.014889061450958252 214
1740950429831 0.014835570007562637 215
1740950430781 0.015019094571471214 216
1740950431718 0.015325095504522324 217
1740950432680 0.015078174881637096 218
1740950433620 0.015143953263759613 219
1740950434585 0.015005983412265778 220
1740950435539 0.01512032188475132 221
1740950436565 0.014772637747228146 222
1740950437512 0.014918379485607147 223
1740950438481 0.014772788621485233 224
1740950439424 0.01487188320606947 225
1740950440375 0.015011483803391457 226
1740950441318 0.01472423505038023 227
1740950442285 0.014608506113290787 228
1740950443294 0.014704777859151363 229
1740950444266 0.014897060580551624 230
1740950445209 0.0147708710283041 231
1740950446166 0.014884676784276962 232
1740950447107 0.014653116464614868 233
1740950448073 0.014833692461252213 234
1740950449088 0.014747903682291508 235
1740950450034 0.01485791802406311 236
1740950450986 0.014926359988749027 237
1740950451932 0.01478082686662674 238
1740950452897 0.014728393405675888 239
1740950453841 0.014713569544255733 240
1740950454845 0.014905263669788837 241
1740950455812 0.0146555844694376 242
1740950456780 0.014581548981368542 243
1740950457725 0.014808188192546368 244
1740950458699 0.014853673987090588 245
1740950459688 0.014765504747629166 246
1740950460666 0.01440755557268858 247
1740950461621 0.014710563234984875 248
1740950462564 0.014629125595092773 249
1740950463524 0.014570917934179306 250
1740950464475 0.01473586168140173 251
1740950465437 0.014651213772594929 252
1740950466435 0.014733570627868176 253
1740950467418 0.014519683085381985 254
1740950468363 0.014583678916096687 255
1740950469322 0.014589490368962288 256
1740950470276 0.014722130261361599 257
1740950471229 0.01456561591476202 258
1740950472234 0.014769294299185276 259
1740950473186 0.014522260054945946 260
1740950474156 0.014459040947258472 261
1740950475108 0.014718427322804928 262
1740950476059 0.014481404796242714 263
1740950477005 0.014864751137793064 264
1740950478012 0.014406505972146988 265
1740950478992 0.014729941263794899 266
1740950479977 0.014611873775720596 267
1740950481031 0.014737087301909924 268
1740950481980 0.014596828259527683 269
1740950482985 0.014712242409586906 270
1740950483994 0.014667478390038013 271
1740950484967 0.014737609773874283 272
1740950485914 0.014409839175641537 273
1740950486882 0.014471640810370445 274
1740950487835 0.014492920599877834 275
1740950488778 0.014543825760483742 276
1740950489802 0.01450803317129612 277
1740950490765 0.014651616103947163 278
1740950491732 0.01467117015272379 279
1740950492679 0.014507871121168137 280
1740950493653 0.014399472624063492 281
1740950494601 0.014380482025444508 282
1740950495577 0.014598389156162739 283
1740950496603 0.0142701156437397 284
1740950497556 0.014508039690554142 285
1740950498522 0.014532777480781078 286
1740950499469 0.014431326650083065 287
1740950500432 0.014411408454179764 288
1740950501400 0.014703923836350441 289
1740950502400 0.014642918482422829 290
1740950503397 0.0143393874168396 291
1740950504353 0.014763033017516136 292
1740950505317 0.014459341764450073 293
1740950506261 0.01443251222372055 294
1740950507230 0.014436328783631325 295
1740950508207 0.014470776543021202 296
1740950509189 0.014735577628016472 297
1740950510163 0.014560975134372711 298
1740950511135 0.014450476504862309 299
1740950512100 0.014558246359229088 300
1740950513039 0.014540039002895355 301
1740950514024 0.014363864436745644 302
1740950515043 0.01443194504827261 303
1740950516017 0.014288108795881271 304
1740950516967 0.014311377890408039 305
1740950517925 0.014474553056061268 306
1740950518888 0.014476646669209003 307
1740950519843 0.014504482969641685 308
1740950521006 0.014392441138625145 309
1740950521979 0.01427479274570942 310
1740950522926 0.01448074635118246 311
1740950523931 0.014287917874753475 312
1740950524880 0.01452005747705698 313
1740950525905 0.014405108988285065 314
1740950526891 0.014319091103971004 315
1740950527833 0.014398539438843727 316
1740950528808 0.014324240386486053 317
1740950529761 0.014335564337670803 318
1740950530723 0.014282251708209515 319
1740950531754 0.014250184409320354 320
1740950532718 0.01426288764923811 321
1740950533682 0.014400803484022617 322
1740950534627 0.014314868487417698 323
1740950535597 0.014251482672989368 324
1740950536647 0.014274144545197487 325
1740950537604 0.014234167523682117 326
1740950538572 0.014391245320439339 327
1740950539541 0.01427551917731762 328
1740950540496 0.01472279243171215 329
1740950541525 0.014409484341740608 330
1740950542520 0.014268811792135239 331
1740950543473 0.014420144259929657 332
1740950544437 0.014208929613232613 333
1740950545400 0.0145051758736372 334
1740950546357 0.014318287372589111 335
1740950547329 0.014610101468861103 336
1740950548350 0.01417679712176323 337
1740950549317 0.014294484630227089 338
1740950550288 0.014164591208100319 339
1740950551233 0.014256814494729042 340
1740950552199 0.014217372052371502 341
1740950553186 0.014117129147052765 342
1740950554170 0.014101658016443253 343
1740950555138 0.014147466979920864 344
1740950556106 0.014105264097452164 345
1740950557063 0.014357630163431168 346
1740950558034 0.014309137128293514 347
1740950559082 0.014391370117664337 348
1740950560034 0.014335639774799347 349
1740950560999 0.014263744466006756 350
1740950561972 0.014440430328249931 351
1740950562927 0.014368876814842224 352
1740950563911 0.014353238046169281 353
1740950564917 0.014332227408885956 354
1740950565865 0.014287220314145088 355
1740950566827 0.014284677803516388 356
1740950567772 0.014295108616352081 357
1740950568743 0.01410664338618517 358
1740950569711 0.014197267591953278 359
1740950570705 0.014014003798365593 360
1740950571692 0.014163757674396038 361
1740950572656 0.014077209867537022 362
1740950573602 0.014235018752515316 363
1740950574568 0.014025508426129818 364
1740950575587 0.014178690500557423 365
1740950576559 0.014339315705001354 366
1740950577509 0.014287502504885197 367
1740950578478 0.014157015830278397 368
1740950579425 0.01401504036039114 369
1740950580436 0.014239641837775707 370
1740950581541 0.0146443210542202 371
1740950582539 0.014051772654056549 372
1740950583540 0.014105329290032387 373
1740950584506 0.01416426058858633 374
1740950585454 0.014228672720491886 375
1740950586421 0.01419761311262846 376
1740950587390 0.014025609008967876 377
1740950588396 0.01436852477490902 378
1740950589368 0.014006055891513824 379
1740950590331 0.01406734436750412 380
1740950591275 0.014153899624943733 381
1740950592238 0.014396118000149727 382
1740950593213 0.014086850918829441 383
1740950594244 0.014151213690638542 384
1740950595202 0.014469076879322529 385
1740950596169 0.014596820808947086 386
1740950597117 0.01399513054639101 387
1740950598086 0.014008020050823689 388
1740950599055 0.014167334884405136 389
1740950600012 0.013932514004409313 390
1740950601057 0.014080651104450226 391
1740950602025 0.014076314866542816 392
1740950602974 0.01404862105846405 393
1740950603972 0.01408454217016697 394
1740950604954 0.014144429937005043 395
1740950605957 0.01437751017510891 396
1740950606927 0.014108057133853436 397
1740950607893 0.01405320968478918 398
1740950608851 0.014020077884197235 399
1740950609805 0.01402087789028883 400
1740950610790 0.014156387187540531 401
1740950611798 0.013937423005700111 402
1740950612757 0.014057458378374577 403
1740950613728 0.013857456855475903 404
1740950614686 0.013928917236626148 405
1740950615625 0.01437292993068695 406
1740950616630 0.013797263614833355 407
1740950617631 0.014118334278464317 408
1740950618601 0.014108757488429546 409
1740950619545 0.014166566543281078 410
1740950620520 0.014036729000508785 411
1740950621485 0.014205418527126312 412
1740950622466 0.01410148199647665 413
1740950623443 0.01408123504370451 414
1740950624414 0.01414325088262558 415
1740950625372 0.014120953157544136 416
1740950626323 0.013952679932117462 417
1740950627321 0.014116637408733368 418
1740950628327 0.014088744297623634 419
1740950629262 0.014092253521084785 420
1740950630239 0.014005793258547783 421
1740950631206 0.013895988464355469 422
1740950632169 0.013893510214984417 423
1740950633182 0.014051375910639763 424
1740950634152 0.01388540305197239 425
1740950635116 0.013903655111789703 426
1740950636087 0.013870537281036377 427
1740950637032 0.014071927405893803 428
1740950638013 0.01392305176705122 429
1740950639022 0.01396237313747406 430
1740950639989 0.014105012640357018 431
1740950640944 0.014170448295772076 432
1740950641915 0.013776887208223343 433
1740950642880 0.014002034440636635 434
1740950643880 0.014110634103417397 435
1740950644866 0.013911852613091469 436
1740950645823 0.014066845178604126 437
1740950646789 0.014001505449414253 438
1740950647739 0.013851065188646317 439
1740950648711 0.013945315964519978 440
1740950649690 0.01392816100269556 441
1740950650712 0.01389981247484684 442
1740950651672 0.013841160573065281 443
1740950652640 0.014047029428184032 444
1740950653583 0.013875377364456654 445
1740950654546 0.013995105400681496 446
1740950655565 0.01387716829776764 447
1740950656658 0.013841826468706131 448
1740950657645 0.013746188953518867 449
1740950658647 0.013878215104341507 450
1740950659611 0.014058693312108517 451
1740950660561 0.013749564997851849 452
1740950661546 0.013974768109619617 453
1740950662595 0.013794143684208393 454
1740950663536 0.013819050043821335 455
1740950664481 0.013754688203334808 456
1740950665451 0.013735033571720123 457
1740950666420 0.013810314238071442 458
1740950667410 0.013938781805336475 459
1740950668467 0.013720020651817322 460
1740950669422 0.013760828413069248 461
1740950670392 0.013714322820305824 462
1740950671359 0.01383400522172451 463
1740950672311 0.013844853267073631 464
1740950673291 0.01391974650323391 465
1740950674312 0.013857194222509861 466
1740950675286 0.013991969637572765 467
1740950676247 0.013947850093245506 468
1740950677211 0.013654124923050404 469
1740950678171 0.013683599419891834 470
1740950679133 0.013703204691410065 471
1740950680169 0.013947151601314545 472
1740950681120 0.014091634191572666 473
1740950682086 0.014076311141252518 474
1740950683050 0.01406728196889162 475
1740950684015 0.013936751522123814 476
1740950685034 0.013610678724944592 477
1740950686019 0.013634984381496906 478
1740950686987 0.01358417421579361 479
1740950687956 0.014000513590872288 480
1740950688922 0.01395459659397602 481
1740950689864 0.013649459928274155 482
1740950690879 0.013962192460894585 483
1740950691865 0.013852675445377827 484
1740950692832 0.01381165161728859 485
1740950693798 0.013628927990794182 486
1740950694762 0.013578761368989944 487
1740950695732 0.013606746681034565 488
1740950696705 0.013976799324154854 489
1740950697746 0.013723152689635754 490
1740950698702 0.013778683729469776 491
1740950699663 0.013661613687872887 492
1740950700634 0.01366935670375824 493
1740950701605 0.013786375522613525 494
1740950702629 0.013562952168285847 495
1740950703588 0.013597842305898666 496
1740950704564 0.013604830950498581 497
1740950705526 0.013630198314785957 498
1740950706471 0.01371170673519373 499
