1740749390473 0.20410659909248352 0
1740749391609 0.12250889092683792 1
1740749392708 0.08339805901050568 2
1740749393780 0.06096387654542923 3
1740749394791 0.04680602625012398 4
1740749395903 0.03837540000677109 5
1740749396920 0.03205636516213417 6
1740749397902 0.028982438147068024 7
1740749398879 0.027227651327848434 8
1740749399904 0.026096943765878677 9
1740749400959 0.025282612070441246 10
1740749401978 0.025226136669516563 11
1740749402956 0.02441142313182354 12
1740749403956 0.024133458733558655 13
1740749404935 0.023755494505167007 14
1740749405919 0.023022497072815895 15
1740749407013 0.022398514673113823 16
1740749408145 0.02164607122540474 17
1740749409194 0.021143440157175064 18
1740749410200 0.02094738930463791 19
1740749411176 0.0204728152602911 20
1740749412208 0.020565465092658997 21
1740749413282 0.020561199635267258 22
1740749414271 0.019949451088905334 23
1740749415248 0.019869104027748108 24
1740749416220 0.02007405459880829 25
1740749417226 0.019748050719499588 26
1740749418284 0.01958710514008999 27
1740749419641 0.0195076335221529 28
1740749420933 0.0193749088793993 29
1740749421996 0.019518740475177765 30
1740749423377 0.019534870982170105 31
1740749424396 0.019084136933088303 32
1740749425520 0.018951520323753357 33
1740749426526 0.018944837152957916 34
1740749427598 0.0189937986433506 35
1740749428571 0.01865008845925331 36
1740749429566 0.01863275095820427 37
1740749430709 0.019039303064346313 38
1740749431696 0.018436240032315254 39
1740749432709 0.01881040260195732 40
1740749433725 0.01839304156601429 41
1740749434743 0.01847252808511257 42
1740749435831 0.0185572300106287 43
1740749436927 0.018610244616866112 44
1740749437933 0.018186962231993675 45
1740749438925 0.018261998891830444 46
1740749439915 0.018324358388781548 47
1740749440898 0.01796506717801094 48
1740749441891 0.01790909469127655 49
1740749442917 0.017838530242443085 50
1740749443907 0.017834793776273727 51
1740749444893 0.01792498677968979 52
1740749445874 0.01790749840438366 53
1740749446862 0.0177973173558712 54
1740749447852 0.01771528646349907 55
1740749448961 0.017466653138399124 56
1740749449931 0.017528697848320007 57
1740749450900 0.017373431473970413 58
1740749451890 0.017402194440364838 59
1740749452907 0.017464563250541687 60
1740749453915 0.01738067902624607 61
1740749454908 0.01732161082327366 62
1740749455883 0.01721426099538803 63
1740749456892 0.017225051298737526 64
1740749457901 0.01740439236164093 65
1740749458938 0.017423033714294434 66
1740749459934 0.017451010644435883 67
1740749460915 0.017247192561626434 68
1740749461899 0.017222633585333824 69
1740749462892 0.017473265528678894 70
1740749463948 0.017909562215209007 71
1740749464942 0.0172802172601223 72
1740749465923 0.017279937863349915 73
1740749466904 0.017035799100995064 74
1740749467903 0.017351070418953896 75
1740749468951 0.017053812742233276 76
1740749469969 0.01713053695857525 77
1740749470954 0.017112882807850838 78
1740749471923 0.017183715477585793 79
1740749472908 0.017088666558265686 80
1740749473891 0.01715332642197609 81
1740749474896 0.017139140516519547 82
1740749475956 0.01763860322535038 83
1740749476938 0.017194321379065514 84
1740749477934 0.017182305455207825 85
1740749478919 0.01708138920366764 86
1740749479917 0.017173439264297485 87
1740749480957 0.016918223351240158 88
1740749481943 0.01671193353831768 89
1740749482940 0.016818257048726082 90
1740749483914 0.01692379266023636 91
1740749484904 0.016915861517190933 92
1740749485927 0.016759363934397697 93
1740749486966 0.016948968172073364 94
1740749487965 0.017036020755767822 95
1740749488937 0.01699398271739483 96
1740749489929 0.017026493325829506 97
1740749490920 0.016800900921225548 98
1740749491958 0.016881994903087616 99
1740749492974 0.016879964619874954 100
1740749493959 0.016822854056954384 101
1740749494940 0.017000636085867882 102
1740749495934 0.016812296584248543 103
1740749496919 0.016826581209897995 104
1740749497958 0.016900334507226944 105
1740749498982 0.016712471842765808 106
1740749499962 0.016967909410595894 107
1740749500940 0.016889577731490135 108
1740749501920 0.01669524610042572 109
1740749502913 0.01665320433676243 110
1740749503971 0.016711611300706863 111
1740749504957 0.016521789133548737 112
1740749505941 0.016763849183917046 113
1740749506918 0.01666843518614769 114
1740749507915 0.016697576269507408 115
1740749508890 0.01676255464553833 116
1740749509903 0.01695285737514496 117
1740749510936 0.01687847264111042 118
1740749511932 0.016739003360271454 119
1740749512914 0.016465067863464355 120
1740749513888 0.01655939593911171 121
1740749514884 0.016362231224775314 122
1740749515933 0.01664924807846546 123
1740749516965 0.01680990681052208 124
1740749517950 0.01689663529396057 125
1740749518947 0.017008712515234947 126
1740749519933 0.01670755259692669 127
1740749520914 0.01663055829703808 128
1740749521970 0.016367467120289803 129
1740749522973 0.016537483781576157 130
1740749523968 0.016334302723407745 131
1740749524949 0.016674544662237167 132
1740749525935 0.016410887241363525 133
1740749526984 0.016404379159212112 134
1740749528044 0.016730651259422302 135
1740749529023 0.016325153410434723 136
1740749530009 0.016310572624206543 137
1740749531007 0.016429655253887177 138
1740749532007 0.0164822805672884 139
1740749533127 0.016385836526751518 140
1740749534124 0.01620524749159813 141
1740749535130 0.016444921493530273 142
1740749536167 0.01652681641280651 143
1740749537448 0.01640939712524414 144
1740749538574 0.01634487509727478 145
1740749539550 0.016398409381508827 146
1740749540554 0.016283603385090828 147
1740749541584 0.016406046226620674 148
1740749542653 0.01622549630701542 149
1740749543658 0.016454940661787987 150
1740749544643 0.01636638306081295 151
1740749545618 0.016381297260522842 152
1740749546617 0.016087813302874565 153
1740749547712 0.01626536063849926 154
1740749548912 0.01627175509929657 155
1740749549989 0.016435420140624046 156
1740749551128 0.016192737966775894 157
1740749552226 0.01651032082736492 158
1740749553319 0.016495611518621445 159
1740749554394 0.016434676945209503 160
1740749555591 0.016280092298984528 161
1740749556630 0.016201650723814964 162
1740749557587 0.015954162925481796 163
1740749558561 0.01614581048488617 164
1740749559518 0.016296541318297386 165
1740749560535 0.01607741415500641 166
1740749561500 0.01660230942070484 167
1740749562486 0.01647009141743183 168
1740749563442 0.016048908233642578 169
1740749564447 0.016200458630919456 170
1740749565407 0.016635632142424583 171
1740749566458 0.016138281673192978 172
1740749567420 0.01613752543926239 173
1740749568394 0.01617954485118389 174
1740749569347 0.01604883000254631 175
1740749570326 0.01601763255894184 176
1740749571291 0.016328927129507065 177
1740749572351 0.016207560896873474 178
1740749573324 0.01625136472284794 179
1740749574307 0.01639227569103241 180
1740749575272 0.016188228502869606 181
1740749576258 0.016161777079105377 182
1740749577282 0.01647184044122696 183
1740749578259 0.01622520573437214 184
1740749579440 0.016032030805945396 185
1740749580539 0.016365457326173782 186
1740749581622 0.016009792685508728 187
1740749582798 0.015971653163433075 188
1740749583884 0.016068264842033386 189
1740749584937 0.01600993610918522 190
1740749586022 0.01615823432803154 191
1740749587145 0.015878066420555115 192
1740749588260 0.015784334391355515 193
1740749589277 0.015899889171123505 194
1740749590283 0.01594124175608158 195
1740749591287 0.016003623604774475 196
1740749592339 0.015956923365592957 197
1740749593493 0.01608964242041111 198
1740749594594 0.016045451164245605 199
1740749595654 0.015806568786501884 200
1740749596706 0.015848232433199883 201
1740749597796 0.015804162248969078 202
1740749598879 0.01613381691277027 203
1740749599943 0.015936631709337234 204
1740749600994 0.016330845654010773 205
1740749602052 0.016178682446479797 206
1740749603161 0.016028428450226784 207
1740749604227 0.016115298494696617 208
1740749605299 0.015882227569818497 209
1740749606343 0.01597452722489834 210
1740749607405 0.01575811207294464 211
1740749608475 0.015960773453116417 212
1740749609575 0.0158515777438879 213
1740749610617 0.016495810821652412 214
1740749611680 0.016106875613331795 215
1740749612727 0.015830371528863907 216
1740749613822 0.01599433645606041 217
1740749614886 0.01596865803003311 218
1740749615950 0.015755681321024895 219
1740749617003 0.015908703207969666 220
1740749618061 0.016068320721387863 221
1740749619149 0.016300320625305176 222
1740749620246 0.016029510647058487 223
1740749621304 0.01578967086970806 224
1740749622369 0.015552818775177002 225
1740749623416 0.016102779656648636 226
1740749624481 0.0162050761282444 227
1740749625614 0.01645001582801342 228
1740749626661 0.015787966549396515 229
1740749627724 0.015842964872717857 230
1740749628763 0.016200821846723557 231
1740749629827 0.016070939600467682 232
1740749630940 0.015597869642078876 233
1740749632005 0.016337262466549873 234
1740749633144 0.01587371528148651 235
1740749634202 0.015572220087051392 236
1740749635282 0.01582280918955803 237
1740749636370 0.015880554914474487 238
1740749637444 0.015804653987288475 239
1740749638496 0.015832141041755676 240
1740749639578 0.01575404219329357 241
1740749640633 0.015731828287243843 242
1740749641708 0.016064118593931198 243
1740749642792 0.015443205833435059 244
1740749643847 0.015749646350741386 245
1740749644910 0.015660934150218964 246
1740749645967 0.015555944293737411 247
1740749647022 0.015469875186681747 248
1740749648180 0.01580040343105793 249
1740749649247 0.015928952023386955 250
1740749650297 0.015760652720928192 251
1740749651348 0.01567905768752098 252
1740749652505 0.015836097300052643 253
1740749653588 0.01558414101600647 254
1740749654631 0.015701940283179283 255
1740749655701 0.0156980212777853 256
1740749656748 0.015488703735172749 257
1740749657858 0.01562293991446495 258
1740749658952 0.01566990464925766 259
1740749660018 0.015649549663066864 260
1740749661071 0.015553981065750122 261
1740749662114 0.01547810435295105 262
1740749663166 0.015450088307261467 263
1740749664303 0.015567525289952755 264
1740749665361 0.015440423972904682 265
1740749666414 0.015564117580652237 266
1740749667460 0.015462033450603485 267
1740749668521 0.01586560532450676 268
1740749669574 0.015542687848210335 269
1740749670689 0.01535393763333559 270
1740749671783 0.015382565557956696 271
1740749672824 0.015639029443264008 272
1740749673876 0.015786614269018173 273
1740749674931 0.015741070732474327 274
1740749675994 0.01549299992620945 275
1740749677111 0.015367048792541027 276
1740749678174 0.015511828474700451 277
1740749679230 0.015794705599546432 278
1740749680280 0.015586171299219131 279
1740749681454 0.015775151550769806 280
1740749682523 0.015659969300031662 281
1740749683582 0.015434249304234982 282
1740749684648 0.015548276714980602 283
1740749685682 0.015866994857788086 284
1740749686826 0.015521939843893051 285
1740749687872 0.015280870720744133 286
1740749688919 0.015452724881470203 287
1740749689967 0.015491243451833725 288
1740749691038 0.015679266303777695 289
1740749692111 0.015456424094736576 290
1740749693214 0.015499886125326157 291
1740749694370 0.015467534773051739 292
1740749695411 0.015447727404534817 293
1740749696510 0.015446549281477928 294
1740749697571 0.01540335826575756 295
1740749698690 0.01563134603202343 296
1740749699753 0.01563744805753231 297
1740749700820 0.01613369956612587 298
1740749701874 0.015731368213891983 299
1740749702963 0.015569665469229221 300
1740749704041 0.015500263310968876 301
1740749705111 0.01537061296403408 302
1740749706215 0.015604625456035137 303
1740749707279 0.0157296285033226 304
1740749708387 0.01558229885995388 305
1740749709420 0.015481428243219852 306
1740749710452 0.015351072885096073 307
1740749711486 0.015671217814087868 308
1740749712502 0.015756551176309586 309
1740749713570 0.01593046262860298 310
1740749714618 0.015302726067602634 311
1740749715646 0.015288680791854858 312
1740749716680 0.015461434610188007 313
1740749717710 0.015595686621963978 314
1740749718743 0.015551635064184666 315
1740749719891 0.015251141972839832 316
1740749720926 0.015339097939431667 317
1740749721953 0.015614704228937626 318
1740749722988 0.015319880098104477 319
1740749724001 0.015345283783972263 320
1740749725066 0.015261844731867313 321
1740749726126 0.015351621434092522 322
1740749727141 0.015593276359140873 323
1740749728180 0.015408068895339966 324
1740749729195 0.015014269389212132 325
1740749730252 0.0155989034101367 326
1740749731337 0.015478146262466908 327
1740749732373 0.015469247475266457 328
1740749733400 0.01528373546898365 329
1740749734436 0.01512610912322998 330
1740749735463 0.015187273733317852 331
1740749736550 0.015160658396780491 332
1740749737595 0.015319310128688812 333
1740749738622 0.015416341833770275 334
1740749739642 0.015269927680492401 335
1740749740676 0.015101484954357147 336
1740749741684 0.015233540907502174 337
1740749742797 0.015355120413005352 338
1740749743810 0.015286531299352646 339
1740749744827 0.015661288052797318 340
1740749745870 0.015097282826900482 341
1740749746890 0.015142772346735 342
1740749747976 0.015305588953197002 343
1740749749003 0.015130611136555672 344
1740749750012 0.015289493836462498 345
1740749751060 0.015232306905090809 346
1740749752141 0.015043635852634907 347
1740749753228 0.015262756496667862 348
1740749754271 0.015053498558700085 349
1740749755375 0.01530870795249939 350
1740749756379 0.015155897475779057 351
1740749757436 0.015215031802654266 352
1740749758529 0.015199009329080582 353
1740749759560 0.015277780592441559 354
1740749760591 0.015246566385030746 355
1740749761633 0.01518161315470934 356
1740749762661 0.015071002766489983 357
1740749763742 0.014895861968398094 358
1740749764794 0.014973491430282593 359
1740749765834 0.015192482620477676 360
1740749766848 0.015367855317890644 361
1740749767869 0.01506259199231863 362
1740749768910 0.0151447094976902 363
1740749770004 0.015080004930496216 364
1740749771028 0.01520974189043045 365
1740749772062 0.01519606914371252 366
1740749773095 0.015108861029148102 367
1740749774125 0.015174513682723045 368
1740749775207 0.015096168033778667 369
1740749776243 0.014948257245123386 370
1740749777258 0.015172688290476799 371
1740749778302 0.01520357932895422 372
1740749779336 0.015145490877330303 373
1740749780437 0.014986477792263031 374
1740749781501 0.015096831135451794 375
1740749782529 0.015156370587646961 376
1740749783553 0.015001735650002956 377
1740749784580 0.014964747242629528 378
1740749785663 0.015042771585285664 379
1740749786702 0.014972811564803123 380
1740749787738 0.014759263955056667 381
1740749788768 0.015157787129282951 382
1740749789787 0.01485880371183157 383
1740749790881 0.014999747276306152 384
1740749791930 0.01534243207424879 385
1740749792954 0.015027498826384544 386
1740749793985 0.01500640157610178 387
1740749795010 0.015141963958740234 388
1740749796038 0.015177035704255104 389
1740749797134 0.015116997994482517 390
1740749798189 0.015033243224024773 391
1740749799209 0.014941385947167873 392
1740749800240 0.015164333395659924 393
1740749801278 0.015305801294744015 394
1740749802320 0.015571369789540768 395
1740749803404 0.015051960945129395 396
1740749804446 0.015127690508961678 397
1740749805479 0.015274221077561378 398
1740749806516 0.015040024183690548 399
1740749807619 0.01520952582359314 400
1740749808662 0.015012011863291264 401
1740749809677 0.015044724568724632 402
1740749810711 0.014884036965668201 403
1740749811745 0.014986353926360607 404
1740749812815 0.014969543553888798 405
1740749813871 0.01494432333856821 406
1740749814912 0.015002846717834473 407
1740749816034 0.014876200817525387 408
1740749817068 0.014926435425877571 409
1740749818123 0.015076696872711182 410
1740749819223 0.01533636823296547 411
1740749820260 0.014764205552637577 412
1740749821298 0.01479106955230236 413
1740749822320 0.014717868529260159 414
1740749823345 0.015038197860121727 415
1740749824444 0.01477892603725195 416
1740749825491 0.014824904501438141 417
1740749826519 0.014821462333202362 418
1740749827547 0.014954139478504658 419
1740749828579 0.01482316292822361 420
1740749829630 0.014907044358551502 421
1740749830676 0.014943051151931286 422
1740749831704 0.01483830250799656 423
1740749832727 0.015040862374007702 424
1740749833746 0.014933286234736443 425
1740749834824 0.015102868899703026 426
1740749835912 0.01480953674763441 427
1740749836946 0.014875886961817741 428
1740749837970 0.01498048473149538 429
1740749839006 0.014838983304798603 430
1740749840043 0.01487563643604517 431
1740749841113 0.014779905788600445 432
1740749842145 0.014913054183125496 433
1740749843166 0.01467947382479906 434
1740749844178 0.014717809855937958 435
1740749845212 0.014859922230243683 436
1740749846322 0.014726121909916401 437
1740749847350 0.01469961553812027 438
1740749848372 0.01475176215171814 439
1740749849411 0.014755304902791977 440
1740749850454 0.01468986552208662 441
1740749851495 0.01492413878440857 442
1740749852595 0.01467216107994318 443
1740749853628 0.015000846236944199 444
1740749854660 0.015083009377121925 445
1740749855685 0.015394886024296284 446
1740749856696 0.014777467586100101 447
1740749857813 0.014952627941966057 448
1740749858853 0.01492143515497446 449
1740749859887 0.014930663630366325 450
1740749860909 0.014827929437160492 451
1740749861937 0.014915178529918194 452
1740749862962 0.014735152013599873 453
1740749864064 0.014898828230798244 454
1740749865096 0.014645937830209732 455
1740749866136 0.014798563905060291 456
1740749867161 0.014733868651092052 457
1740749868203 0.014708908274769783 458
1740749869223 0.014707676135003567 459
1740749870342 0.014803729951381683 460
1740749871386 0.01460450142621994 461
1740749872433 0.014863187447190285 462
1740749873466 0.014849480241537094 463
1740749874492 0.014706750400364399 464
1740749875529 0.014535238035023212 465
1740749876665 0.014664487913250923 466
1740749877677 0.014472752809524536 467
1740749878710 0.014685838483273983 468
1740749879742 0.014563878998160362 469
1740749880774 0.014612294733524323 470
1740749881790 0.014882250688970089 471
1740749882885 0.014764994382858276 472
1740749883937 0.014730882830917835 473
1740749884967 0.014633232727646828 474
1740749885981 0.01462117861956358 475
1740749887010 0.014710836112499237 476
1740749888048 0.014449052512645721 477
1740749889170 0.014747309498488903 478
1740749890214 0.01484488695859909 479
1740749891229 0.014793206937611103 480
1740749892260 0.014608291909098625 481
1740749893295 0.0148690240457654 482
1740749894389 0.014578972943127155 483
1740749895420 0.014621872454881668 484
1740749896439 0.014741605147719383 485
1740749897453 0.014587992802262306 486
1740749898489 0.014520506374537945 487
1740749899574 0.014888428151607513 488
1740749900629 0.014913656748831272 489
1740749901654 0.014673146419227123 490
1740749902686 0.014759387820959091 491
1740749903710 0.014744725078344345 492
1740749904746 0.014660344459116459 493
1740749905831 0.014498219825327396 494
1740749906847 0.014462996274232864 495
1740749907890 0.014624672941863537 496
1740749908922 0.014496373943984509 497
1740749909946 0.014533433131873608 498
1740749911022 0.014734883792698383 499
