1740955342130 0.17141178250312805 0
1740955342405 0.09711617231369019 1
1740955342678 0.04200751706957817 2
1740955342952 0.02276456542313099 3
1740955343228 0.021731050685048103 4
1740955343497 0.020698711276054382 5
1740955343765 0.020214000716805458 6
1740955344031 0.019820570945739746 7
1740955344302 0.019574444741010666 8
1740955344584 0.01958448812365532 9
1740955344851 0.019481880590319633 10
1740955345130 0.019294796511530876 11
1740955345396 0.019389772787690163 12
1740955345671 0.01909387670457363 13
1740955345959 0.01905321516096592 14
1740955346247 0.018708840012550354 15
1740955346514 0.01865360513329506 16
1740955346785 0.01859230548143387 17
1740955347065 0.01840922236442566 18
1740955347346 0.01837337389588356 19
1740955347641 0.018225325271487236 20
1740955347931 0.018232740461826324 21
1740955348201 0.01808273419737816 22
1740955348466 0.01785365864634514 23
1740955348742 0.0178266279399395 24
1740955349010 0.017674094066023827 25
1740955349294 0.017504217103123665 26
1740955349561 0.0174811240285635 27
1740955349829 0.017331894487142563 28
1740955350097 0.01731233298778534 29
1740955350360 0.017295651137828827 30
1740955350625 0.017023328691720963 31
1740955350889 0.01706380769610405 32
1740955351152 0.017098285257816315 33
1740955351438 0.016712727025151253 34
1740955351710 0.016738858073949814 35
1740955351996 0.01685098558664322 36
1740955352299 0.016879532486200333 37
1740955352580 0.01653161831200123 38
1740955352843 0.016479428857564926 39
1740955353107 0.01628170907497406 40
1740955353377 0.01638737879693508 41
1740955353648 0.01631365902721882 42
1740955353927 0.01621350832283497 43
1740955354194 0.016410525888204575 44
1740955354465 0.016065049916505814 45
1740955354734 0.01621362194418907 46
1740955354998 0.016309818252921104 47
1740955355269 0.01631390117108822 48
1740955355533 0.01597955822944641 49
1740955355806 0.01604529097676277 50
1740955356106 0.0161808580160141 51
1740955356378 0.016217650845646858 52
1740955356657 0.015855591744184494 53
1740955356962 0.01593322493135929 54
1740955357253 0.01580270752310753 55
1740955357519 0.016032172366976738 56
1740955357784 0.01597159542143345 57
1740955358061 0.015982508659362793 58
1740955358325 0.01596962660551071 59
1740955358592 0.016009951010346413 60
1740955358860 0.01588716357946396 61
1740955359123 0.016199829056859016 62
1740955359384 0.015915928408503532 63
1740955359653 0.016038088127970695 64
1740955359917 0.015776481479406357 65
1740955360203 0.015862956643104553 66
1740955360471 0.016180632635951042 67
1740955360731 0.016081642359495163 68
1740955360995 0.01601223647594452 69
1740955361264 0.01567520759999752 70
1740955361536 0.01582298055291176 71
1740955361827 0.015796011313796043 72
1740955362157 0.01585879549384117 73
1740955362440 0.015807650983333588 74
1740955362705 0.01580571010708809 75
1740955362966 0.015894627198576927 76
1740955363231 0.015915729105472565 77
1740955363495 0.015727512538433075 78
1740955363764 0.015768887475132942 79
1740955364036 0.015881385654211044 80
1740955364314 0.01604747772216797 81
1740955364581 0.01570867747068405 82
1740955364852 0.01569414511322975 83
1740955365123 0.015592622570693493 84
1740955365385 0.015666460618376732 85
1740955365650 0.015919961035251617 86
1740955365911 0.015653541311621666 87
1740955366186 0.01564566232264042 88
1740955366458 0.0157175213098526 89
1740955366726 0.0156263317912817 90
1740955367004 0.01595943048596382 91
1740955367305 0.015785042196512222 92
1740955367598 0.015759650617837906 93
1740955367862 0.015561326406896114 94
1740955368145 0.015543024055659771 95
1740955368406 0.01559477485716343 96
1740955368667 0.015768971294164658 97
1740955368933 0.01561604905873537 98
1740955369198 0.015657953917980194 99
1740955369472 0.01571609266102314 100
1740955369749 0.01574011705815792 101
1740955370031 0.01572904922068119 102
1740955370298 0.015957167372107506 103
1740955370563 0.015753870829939842 104
1740955370847 0.01572955958545208 105
1740955371126 0.015736913308501244 106
1740955371425 0.0158671997487545 107
1740955371697 0.01552825141698122 108
1740955371984 0.015732599422335625 109
1740955372271 0.015691939741373062 110
1740955372588 0.015799347311258316 111
1740955372877 0.015657851472496986 112
1740955373146 0.01549556851387024 113
1740955373416 0.015566110610961914 114
1740955373692 0.015551046468317509 115
1740955373983 0.015498057939112186 116
1740955374258 0.015811080113053322 117
1740955374517 0.015507932752370834 118
1740955374798 0.015592910349369049 119
1740955375144 0.015470909886062145 120
1740955375412 0.015655528753995895 121
1740955375721 0.015455849468708038 122
1740955376150 0.015451554208993912 123
1740955376425 0.015613649040460587 124
1740955376693 0.015608368441462517 125
1740955376973 0.015459917485713959 126
1740955377445 0.01573338359594345 127
1740955377749 0.015388444997370243 128
1740955378093 0.0155259370803833 129
1740955378396 0.015576951205730438 130
1740955378680 0.015479270368814468 131
1740955378942 0.015471043065190315 132
1740955379214 0.015505248680710793 133
1740955379531 0.015678973868489265 134
1740955379794 0.015485141426324844 135
1740955380076 0.015490123070776463 136
1740955380323 0.015493622981011868 137
1740955380573 0.015534723177552223 138
1740955380820 0.015250541269779205 139
1740955381078 0.015466812998056412 140
1740955381324 0.015328435227274895 141
1740955381587 0.015485042706131935 142
1740955381834 0.015604643151164055 143
1740955382105 0.015451363287866116 144
1740955382372 0.015567632392048836 145
1740955382643 0.015293095260858536 146
1740955382942 0.015455510467290878 147
1740955383240 0.015439259819686413 148
1740955383491 0.015536457300186157 149
1740955383737 0.015407401137053967 150
1740955383987 0.01559294294565916 151
1740955384233 0.015561445616185665 152
1740955384488 0.015274622477591038 153
1740955384752 0.015389565378427505 154
1740955385048 0.015422824770212173 155
1740955385302 0.015357245691120625 156
1740955385550 0.015450668521225452 157
1740955385804 0.015333219431340694 158
1740955386056 0.015213940292596817 159
1740955386320 0.015370598994195461 160
1740955386581 0.015269698575139046 161
1740955386859 0.015282003208994865 162
1740955387158 0.015365076251327991 163
1740955387468 0.015232608653604984 164
1740955387794 0.015368985943496227 165
1740955388063 0.015292041003704071 166
1740955388323 0.015411891043186188 167
1740955388583 0.015409787185490131 168
1740955388860 0.015151244588196278 169
1740955389135 0.015342398546636105 170
1740955389389 0.015183965675532818 171
1740955389660 0.015270483680069447 172
1740955389921 0.015293413773179054 173
1740955390179 0.015308020636439323 174
1740955390437 0.015319883823394775 175
1740955390690 0.015257618390023708 176
1740955390941 0.015216936357319355 177
1740955391190 0.01528747845441103 178
1740955391461 0.015286736190319061 179
1740955391716 0.01546100527048111 180
1740955391971 0.015278186649084091 181
1740955392241 0.015030033886432648 182
1740955392497 0.0158454030752182 183
1740955392744 0.015103437937796116 184
1740955393010 0.015367574989795685 185
1740955393265 0.015187074430286884 186
1740955393517 0.015136625617742538 187
1740955393768 0.015061132609844208 188
1740955394027 0.0150761678814888 189
1740955394284 0.015143094584345818 190
1740955394551 0.015156187117099762 191
1740955394803 0.015125772915780544 192
1740955395061 0.015298076905310154 193
1740955395318 0.01507440023124218 194
1740955395600 0.015133373439311981 195
1740955395867 0.015063785016536713 196
1740955396134 0.015123198740184307 197
1740955396390 0.014990782365202904 198
1740955396640 0.015066321939229965 199
1740955396889 0.015336180105805397 200
1740955397144 0.015215814113616943 201
1740955397412 0.01497416291385889 202
1740955397683 0.015117913484573364 203
1740955397946 0.01505335420370102 204
1740955398196 0.015063957311213017 205
1740955398447 0.015273972414433956 206
1740955398699 0.015303983353078365 207
1740955398962 0.015175149776041508 208
1740955399216 0.015271758660674095 209
1740955399473 0.015095626935362816 210
1740955399729 0.015177533961832523 211
1740955399994 0.01480879820883274 212
1740955400249 0.014907467179000378 213
1740955400517 0.015316237695515156 214
1740955400785 0.014973260462284088 215
1740955401037 0.014945547096431255 216
1740955401288 0.014870810322463512 217
1740955401560 0.014839475974440575 218
1740955401824 0.015046484768390656 219
1740955402096 0.01484172698110342 220
1740955402356 0.014798657037317753 221
1740955402614 0.014937720261514187 222
1740955402883 0.014894864521920681 223
1740955403192 0.015175114385783672 224
1740955403499 0.014875425957143307 225
1740955403778 0.014874168671667576 226
1740955404037 0.014709653332829475 227
1740955404287 0.014777668751776218 228
1740955404536 0.014661464840173721 229
1740955404791 0.014809705317020416 230
1740955405060 0.014832884073257446 231
1740955405306 0.014711002819240093 232
1740955405557 0.015073031187057495 233
1740955405811 0.014901057817041874 234
1740955406063 0.014629334211349487 235
1740955406308 0.014796725474298 236
1740955406570 0.014760981313884258 237
1740955406816 0.01464124582707882 238
1740955407066 0.014695445075631142 239
1740955407325 0.014657516963779926 240
1740955407586 0.01463636290282011 241
1740955407852 0.014658404514193535 242
1740955408164 0.014534590765833855 243
1740955408445 0.014741601422429085 244
1740955408693 0.014500838704407215 245
1740955408942 0.014514819718897343 246
1740955409205 0.01467291358858347 247
1740955409452 0.0145982401445508 248
1740955409708 0.014950508251786232 249
1740955409967 0.014702055603265762 250
1740955410215 0.014421725645661354 251
1740955410463 0.014493181370198727 252
1740955410726 0.014751478098332882 253
1740955410978 0.014630045741796494 254
1740955411226 0.01454615406692028 255
1740955411475 0.014362883754074574 256
1740955411760 0.014699016697704792 257
1740955412049 0.014491462148725986 258
1740955412340 0.01446562446653843 259
1740955412647 0.014434060081839561 260
1740955412941 0.014493283815681934 261
1740955413250 0.014529306441545486 262
1740955413563 0.014415055513381958 263
1740955413849 0.014454406686127186 264
1740955414141 0.014651753939688206 265
1740955414425 0.01430435199290514 266
1740955414712 0.014305733144283295 267
1740955415018 0.014392033219337463 268
1740955415299 0.014349134638905525 269
1740955415581 0.014566250145435333 270
1740955415863 0.014415731653571129 271
1740955416147 0.01442359946668148 272
1740955416434 0.014507101848721504 273
1740955416684 0.0143916429951787 274
1740955416939 0.01439035777002573 275
1740955417217 0.014505354687571526 276
1740955417499 0.01452354434877634 277
1740955417841 0.014272957108914852 278
1740955418122 0.014400951564311981 279
1740955418372 0.014371919445693493 280
1740955418619 0.014335802756249905 281
1740955418868 0.014432262629270554 282
1740955419132 0.014304731972515583 283
1740955419390 0.01431218720972538 284
1740955419638 0.014352362602949142 285
1740955419893 0.014386991038918495 286
1740955420152 0.014399440959095955 287
1740955420419 0.014522381126880646 288
1740955420668 0.014294145628809929 289
1740955420920 0.01425599493086338 290
1740955421172 0.014313112944364548 291
1740955421430 0.014360634610056877 292
1740955421701 0.014180655591189861 293
1740955421955 0.014436612837016582 294
1740955422207 0.014355157501995564 295
1740955422461 0.014294641092419624 296
1740955422728 0.01430540718138218 297
1740955423070 0.014200410805642605 298
1740955423345 0.014197016134858131 299
1740955423600 0.014286480844020844 300
1740955423863 0.01416812278330326 301
1740955424120 0.01440769899636507 302
1740955424394 0.014338964596390724 303
1740955424649 0.01406294945627451 304
1740955424904 0.014092013239860535 305
1740955425159 0.014323120005428791 306
1740955425416 0.014207386411726475 307
1740955425686 0.014252187684178352 308
1740955425946 0.0141326067969203 309
1740955426201 0.01430265512317419 310
1740955426470 0.014282113872468472 311
1740955426738 0.014324630610644817 312
1740955427012 0.014215740375220776 313
1740955427268 0.014203804545104504 314
1740955427527 0.014291641302406788 315
1740955427782 0.014508383348584175 316
1740955428043 0.014195929281413555 317
1740955428324 0.014291185885667801 318
1740955428622 0.014121314510703087 319
1740955428908 0.014357042498886585 320
1740955429183 0.014161690138280392 321
1740955429439 0.01436760276556015 322
1740955429713 0.014096977189183235 323
1740955429972 0.01409938931465149 324
1740955430223 0.014179239980876446 325
1740955430475 0.014044889248907566 326
1740955430730 0.014153136871755123 327
1740955430995 0.01421069074422121 328
1740955431250 0.014048188924789429 329
1740955431502 0.014384264126420021 330
1740955431748 0.01421549916267395 331
1740955431999 0.014311280101537704 332
1740955432269 0.014070111326873302 333
1740955432537 0.014037005603313446 334
1740955432804 0.014290854334831238 335
1740955433055 0.014239820651710033 336
1740955433337 0.014199131168425083 337
1740955433632 0.014165152795612812 338
1740955433924 0.014245192520320415 339
1740955434189 0.014174909330904484 340
1740955434434 0.014050318859517574 341
1740955434701 0.014107556082308292 342
1740955434953 0.013984792865812778 343
1740955435216 0.014075246639549732 344
1740955435464 0.014159106649458408 345
1740955435712 0.014054689556360245 346
1740955435983 0.01411094143986702 347
1740955436232 0.013922194018959999 348
1740955436480 0.01416643988341093 349
1740955436731 0.014021208509802818 350
1740955437029 0.014044079929590225 351
1740955437314 0.014121722429990768 352
1740955437604 0.01415758766233921 353
1740955437896 0.014103520661592484 354
1740955438188 0.014087713323533535 355
1740955438521 0.014234784990549088 356
1740955438837 0.014057498425245285 357
1740955439121 0.014128673821687698 358
1740955439398 0.01407330296933651 359
1740955439694 0.014022288843989372 360
1740955439975 0.01428063865751028 361
1740955440236 0.013931420631706715 362
1740955440498 0.013942594639956951 363
1740955440766 0.013977264054119587 364
1740955441018 0.01404962595552206 365
1740955441269 0.014107716269791126 366
1740955441520 0.014084942638874054 367
1740955441774 0.01408756710588932 368
1740955442042 0.013971727341413498 369
1740955442294 0.014055587351322174 370
1740955442544 0.013977029360830784 371
1740955442801 0.014013362117111683 372
1740955443066 0.013991284184157848 373
1740955443338 0.013940815813839436 374
1740955443629 0.014116461388766766 375
1740955443904 0.013977190479636192 376
1740955444153 0.013975920155644417 377
1740955444414 0.01399438176304102 378
1740955444661 0.013908027671277523 379
1740955444909 0.014042975381016731 380
1740955445170 0.0141215855255723 381
1740955445439 0.014086493290960789 382
1740955445694 0.014723517931997776 383
1740955445944 0.014009143225848675 384
1740955446200 0.013925815932452679 385
1740955446463 0.01400960423052311 386
1740955446712 0.014048924669623375 387
1740955446958 0.013903584331274033 388
1740955447220 0.013952188193798065 389
1740955447490 0.013976775109767914 390
1740955447743 0.013922069221735 391
1740955447999 0.01399895828217268 392
1740955448255 0.014421040192246437 393
1740955448505 0.01401005033403635 394
1740955448788 0.01387597806751728 395
1740955449096 0.013969817198812962 396
1740955449373 0.01384796854108572 397
1740955449621 0.013905920088291168 398
1740955449886 0.013920077122747898 399
1740955450139 0.01426013931632042 400
1740955450389 0.014085279777646065 401
1740955450643 0.014026325196027756 402
1740955450912 0.013885424472391605 403
1740955451162 0.013952994719147682 404
1740955451423 0.01417411956936121 405
1740955451674 0.013903995975852013 406
1740955451926 0.013725819066166878 407
1740955452193 0.013826504349708557 408
1740955452444 0.01417732797563076 409
1740955452695 0.01409892551600933 410
1740955452958 0.013865865767002106 411
1740955453226 0.013991921208798885 412
1740955453494 0.013874746859073639 413
1740955453786 0.013866468332707882 414
1740955454078 0.01373364683240652 415
1740955454333 0.013831711374223232 416
1740955454601 0.01396975014358759 417
1740955454849 0.013917829841375351 418
1740955455100 0.013966617174446583 419
1740955455348 0.01407222356647253 420
1740955455611 0.013775495812296867 421
1740955455861 0.013867503963410854 422
1740955456115 0.014056109823286533 423
1740955456361 0.013918109238147736 424
1740955456627 0.013891189359128475 425
1740955456877 0.013844527304172516 426
1740955457122 0.013866761699318886 427
1740955457370 0.013851289637386799 428
1740955457629 0.013765468262135983 429
1740955457880 0.013765254989266396 430
1740955458129 0.013972367160022259 431
1740955458385 0.013719279319047928 432
1740955458652 0.01384581346064806 433
1740955458924 0.0139301847666502 434
1740955459213 0.013929697684943676 435
1740955459489 0.01385039184242487 436
1740955459749 0.013706563040614128 437
1740955459996 0.013768576085567474 438
1740955460250 0.013960530050098896 439
1740955460496 0.013989695347845554 440
1740955460762 0.014054396189749241 441
1740955461021 0.01383652351796627 442
1740955461272 0.013977923430502415 443
1740955461526 0.013714398257434368 444
1740955461776 0.0139626981690526 445
1740955462041 0.013768562115728855 446
1740955462292 0.013795661740005016 447
1740955462547 0.013846319168806076 448
1740955462797 0.013990068808197975 449
1740955463061 0.013892761431634426 450
1740955463323 0.013793492689728737 451
1740955463584 0.013800539076328278 452
1740955463901 0.013728279620409012 453
1740955464180 0.013935863971710205 454
1740955464441 0.0138640021905303 455
1740955464691 0.013602646999061108 456
1740955464960 0.013843930326402187 457
1740955465212 0.013839427381753922 458
1740955465460 0.014134647324681282 459
1740955465721 0.014059524983167648 460
1740955465989 0.013709291815757751 461
1740955466240 0.013579082675278187 462
1740955466490 0.01370795164257288 463
1740955466738 0.013661508448421955 464
1740955467000 0.013800286687910557 465
1740955467253 0.013716870918869972 466
1740955467502 0.013709560967981815 467
1740955467753 0.013644604943692684 468
1740955468159 0.013738411478698254 469
1740955468438 0.013747264631092548 470
1740955468705 0.01372445933520794 471
1740955469022 0.01375597808510065 472
1740955469305 0.013638903386890888 473
1740955469557 0.013773963786661625 474
1740955469808 0.013680885545909405 475
1740955470072 0.013742758892476559 476
1740955470319 0.013522583059966564 477
1740955470569 0.013777934946119785 478
1740955470832 0.013748041354119778 479
1740955471106 0.013597802259027958 480
1740955471368 0.013912965543568134 481
1740955471619 0.013861659914255142 482
1740955471912 0.01397728268057108 483
1740955472167 0.013715468347072601 484
1740955472438 0.013798062689602375 485
1740955472702 0.013660594820976257 486
1740955472986 0.013772562146186829 487
1740955473242 0.013656354509294033 488
1740955473506 0.013562429696321487 489
1740955473820 0.013799833133816719 490
1740955474094 0.013701196759939194 491
1740955474344 0.013618460856378078 492
1740955474596 0.013874995522201061 493
1740955474862 0.013916668482124805 494
1740955475115 0.0136250676587224 495
1740955475364 0.013634713366627693 496
1740955475618 0.013622443191707134 497
1740955475894 0.013448448851704597 498
1740955476153 0.013653661124408245 499
